Run name : Karym_202111040000_obs2                                                                             
Location : Karymsky                                                                                            
Start Time : 03/11/2021 00:00 UTC     
Number of heights : 12
Number of times per day : 24
Number of days :  1
Base height :       1486.0
Height change :       2000.0
   time,          bestval_001    ,          bestval_002    ,          bestval_003    ,          bestval_004    ,          bestval_005    ,          bestval_006    ,          bestval_007    ,          bestval_008    ,          bestval_009    ,          bestval_010    ,          bestval_011    ,          bestval_012    ,          stdev_001      ,          stdev_002      ,          stdev_003      ,          stdev_004      ,          stdev_005      ,          stdev_006      ,          stdev_007      ,          stdev_008      ,          stdev_009      ,          stdev_010      ,          stdev_011      ,          stdev_012      ,          best_score     
T01_D01,   0.0000000000000000E+00,   0.0000000000000000E+00,   0.0000000000000000E+00,   0.0000000000000000E+00,   0.0000000000000000E+00,   0.0000000000000000E+00,   0.0000000000000000E+00,   0.0000000000000000E+00,   0.0000000000000000E+00,   0.0000000000000000E+00,   0.0000000000000000E+00,   0.0000000000000000E+00,   0.0000000000000000E+00,   0.0000000000000000E+00,   0.0000000000000000E+00,   0.0000000000000000E+00,   0.0000000000000000E+00,   0.0000000000000000E+00,   0.0000000000000000E+00,   0.0000000000000000E+00,   0.0000000000000000E+00,   0.0000000000000000E+00,   0.0000000000000000E+00,   0.0000000000000000E+00,   0.1634036900769464E+03
T02_D01,   0.0000000000000000E+00,   0.0000000000000000E+00,   0.0000000000000000E+00,   0.0000000000000000E+00,   0.0000000000000000E+00,   0.0000000000000000E+00,   0.0000000000000000E+00,   0.0000000000000000E+00,   0.0000000000000000E+00,   0.0000000000000000E+00,   0.0000000000000000E+00,   0.0000000000000000E+00,   0.0000000000000000E+00,   0.0000000000000000E+00,   0.0000000000000000E+00,   0.0000000000000000E+00,   0.0000000000000000E+00,   0.0000000000000000E+00,   0.0000000000000000E+00,   0.0000000000000000E+00,   0.0000000000000000E+00,   0.0000000000000000E+00,   0.0000000000000000E+00,   0.0000000000000000E+00,   0.1634036900769464E+03
T03_D01,   0.0000000000000000E+00,   0.0000000000000000E+00,   0.0000000000000000E+00,   0.0000000000000000E+00,   0.0000000000000000E+00,   0.0000000000000000E+00,   0.0000000000000000E+00,   0.0000000000000000E+00,   0.0000000000000000E+00,   0.0000000000000000E+00,   0.0000000000000000E+00,   0.0000000000000000E+00,   0.0000000000000000E+00,   0.0000000000000000E+00,   0.0000000000000000E+00,   0.0000000000000000E+00,   0.0000000000000000E+00,   0.0000000000000000E+00,   0.0000000000000000E+00,   0.0000000000000000E+00,   0.0000000000000000E+00,   0.0000000000000000E+00,   0.0000000000000000E+00,   0.0000000000000000E+00,   0.1634036900769464E+03
T04_D01,   0.0000000000000000E+00,   0.0000000000000000E+00,   0.0000000000000000E+00,   0.0000000000000000E+00,   0.0000000000000000E+00,   0.0000000000000000E+00,   0.0000000000000000E+00,   0.0000000000000000E+00,   0.0000000000000000E+00,   0.0000000000000000E+00,   0.0000000000000000E+00,   0.0000000000000000E+00,   0.0000000000000000E+00,   0.0000000000000000E+00,   0.0000000000000000E+00,   0.0000000000000000E+00,   0.0000000000000000E+00,   0.0000000000000000E+00,   0.0000000000000000E+00,   0.0000000000000000E+00,   0.0000000000000000E+00,   0.0000000000000000E+00,   0.0000000000000000E+00,   0.0000000000000000E+00,   0.1634036900769464E+03
T05_D01,   0.0000000000000000E+00,   0.0000000000000000E+00,   0.0000000000000000E+00,   0.0000000000000000E+00,   0.0000000000000000E+00,   0.0000000000000000E+00,   0.0000000000000000E+00,   0.0000000000000000E+00,   0.0000000000000000E+00,   0.0000000000000000E+00,   0.0000000000000000E+00,   0.0000000000000000E+00,   0.0000000000000000E+00,   0.0000000000000000E+00,   0.0000000000000000E+00,   0.0000000000000000E+00,   0.0000000000000000E+00,   0.0000000000000000E+00,   0.0000000000000000E+00,   0.0000000000000000E+00,   0.0000000000000000E+00,   0.0000000000000000E+00,   0.0000000000000000E+00,   0.0000000000000000E+00,   0.1634036900769464E+03
T06_D01,   0.0000000000000000E+00,   0.0000000000000000E+00,   0.0000000000000000E+00,   0.0000000000000000E+00,   0.0000000000000000E+00,   0.0000000000000000E+00,   0.0000000000000000E+00,   0.0000000000000000E+00,   0.0000000000000000E+00,   0.0000000000000000E+00,   0.0000000000000000E+00,   0.0000000000000000E+00,   0.0000000000000000E+00,   0.0000000000000000E+00,   0.0000000000000000E+00,   0.0000000000000000E+00,   0.0000000000000000E+00,   0.0000000000000000E+00,   0.0000000000000000E+00,   0.0000000000000000E+00,   0.0000000000000000E+00,   0.0000000000000000E+00,   0.0000000000000000E+00,   0.0000000000000000E+00,   0.1634036900769464E+03
T07_D01,   0.0000000000000000E+00,   0.0000000000000000E+00,   0.0000000000000000E+00,   0.0000000000000000E+00,   0.0000000000000000E+00,   0.0000000000000000E+00,   0.0000000000000000E+00,   0.0000000000000000E+00,   0.0000000000000000E+00,   0.0000000000000000E+00,   0.0000000000000000E+00,   0.0000000000000000E+00,   0.0000000000000000E+00,   0.0000000000000000E+00,   0.0000000000000000E+00,   0.0000000000000000E+00,   0.0000000000000000E+00,   0.0000000000000000E+00,   0.0000000000000000E+00,   0.0000000000000000E+00,   0.0000000000000000E+00,   0.0000000000000000E+00,   0.0000000000000000E+00,   0.0000000000000000E+00,   0.1634036900769464E+03
T08_D01,   0.0000000000000000E+00,   0.4631869045772305E+07,   0.1416791634621073E+07,   0.9887257526528023E+05,   0.0000000000000000E+00,   0.0000000000000000E+00,   0.0000000000000000E+00,   0.0000000000000000E+00,   0.0000000000000000E+00,   0.0000000000000000E+00,   0.0000000000000000E+00,   0.0000000000000000E+00,   0.1005322907993599E+07,   0.1102622634016826E+07,   0.7325103222236636E+06,   0.4268095545019694E+06,   0.3696006584312741E+06,   0.1342465341820783E+06,   0.0000000000000000E+00,   0.0000000000000000E+00,   0.0000000000000000E+00,   0.0000000000000000E+00,   0.0000000000000000E+00,   0.0000000000000000E+00,   0.1634036900769464E+03
T09_D01,   0.0000000000000000E+00,   0.3815110592592541E+07,   0.8818961952425783E+06,   0.1938885162426578E+07,   0.0000000000000000E+00,   0.0000000000000000E+00,   0.0000000000000000E+00,   0.0000000000000000E+00,   0.0000000000000000E+00,   0.0000000000000000E+00,   0.0000000000000000E+00,   0.0000000000000000E+00,   0.1299979842132146E+07,   0.1783879856495645E+07,   0.8929478617201813E+06,   0.3029663489406703E+06,   0.5479840483410605E+06,   0.1496391962149030E+06,   0.0000000000000000E+00,   0.0000000000000000E+00,   0.0000000000000000E+00,   0.0000000000000000E+00,   0.0000000000000000E+00,   0.0000000000000000E+00,   0.1634036900769464E+03
T10_D01,   0.0000000000000000E+00,   0.4208339653056055E+07,   0.2564802674341068E+07,   0.1812115493274939E+07,   0.7182251295537205E+05,   0.0000000000000000E+00,   0.0000000000000000E+00,   0.0000000000000000E+00,   0.0000000000000000E+00,   0.0000000000000000E+00,   0.0000000000000000E+00,   0.0000000000000000E+00,   0.1808020502123115E+07,   0.2088618313042574E+07,   0.9327734687845354E+06,   0.3388109086083523E+06,   0.7386522676876555E+06,   0.1614251510201123E+06,   0.0000000000000000E+00,   0.0000000000000000E+00,   0.0000000000000000E+00,   0.0000000000000000E+00,   0.0000000000000000E+00,   0.0000000000000000E+00,   0.1634036900769464E+03
T11_D01,   0.5934044261165893E+06,   0.4070772618249658E+07,   0.0000000000000000E+00,   0.0000000000000000E+00,   0.7748868377748685E+06,   0.0000000000000000E+00,   0.0000000000000000E+00,   0.0000000000000000E+00,   0.0000000000000000E+00,   0.0000000000000000E+00,   0.0000000000000000E+00,   0.0000000000000000E+00,   0.2105944304297883E+07,   0.2041498780880365E+07,   0.6700255089764851E+06,   0.4090775801016169E+06,   0.1059350118683354E+07,   0.2014983709198298E+06,   0.0000000000000000E+00,   0.0000000000000000E+00,   0.0000000000000000E+00,   0.0000000000000000E+00,   0.0000000000000000E+00,   0.0000000000000000E+00,   0.1634036900769464E+03
T12_D01,   0.0000000000000000E+00,   0.1345071240954890E+07,   0.0000000000000000E+00,   0.0000000000000000E+00,   0.0000000000000000E+00,   0.0000000000000000E+00,   0.0000000000000000E+00,   0.0000000000000000E+00,   0.0000000000000000E+00,   0.0000000000000000E+00,   0.0000000000000000E+00,   0.0000000000000000E+00,   0.1605096714108706E+07,   0.2140276439851126E+07,   0.3403614057279928E+06,   0.2681532496733876E+06,   0.8600465781400319E+06,   0.2584533968043914E+06,   0.0000000000000000E+00,   0.0000000000000000E+00,   0.0000000000000000E+00,   0.0000000000000000E+00,   0.0000000000000000E+00,   0.0000000000000000E+00,   0.1634036900769464E+03
T13_D01,   0.0000000000000000E+00,   0.0000000000000000E+00,   0.0000000000000000E+00,   0.0000000000000000E+00,   0.0000000000000000E+00,   0.1921811453169667E+05,   0.0000000000000000E+00,   0.0000000000000000E+00,   0.0000000000000000E+00,   0.0000000000000000E+00,   0.0000000000000000E+00,   0.0000000000000000E+00,   0.8615016779554326E+06,   0.1469947632672851E+07,   0.1724658239637885E+06,   0.1906768564669916E+06,   0.4808198030055283E+06,   0.3097335374748695E+06,   0.0000000000000000E+00,   0.0000000000000000E+00,   0.0000000000000000E+00,   0.0000000000000000E+00,   0.0000000000000000E+00,   0.0000000000000000E+00,   0.1634036900769464E+03
T14_D01,   0.0000000000000000E+00,   0.0000000000000000E+00,   0.0000000000000000E+00,   0.0000000000000000E+00,   0.0000000000000000E+00,   0.0000000000000000E+00,   0.0000000000000000E+00,   0.0000000000000000E+00,   0.0000000000000000E+00,   0.0000000000000000E+00,   0.0000000000000000E+00,   0.0000000000000000E+00,   0.0000000000000000E+00,   0.0000000000000000E+00,   0.0000000000000000E+00,   0.0000000000000000E+00,   0.0000000000000000E+00,   0.0000000000000000E+00,   0.0000000000000000E+00,   0.0000000000000000E+00,   0.0000000000000000E+00,   0.0000000000000000E+00,   0.0000000000000000E+00,   0.0000000000000000E+00,   0.1634036900769464E+03
T15_D01,   0.0000000000000000E+00,   0.0000000000000000E+00,   0.0000000000000000E+00,   0.0000000000000000E+00,   0.0000000000000000E+00,   0.0000000000000000E+00,   0.0000000000000000E+00,   0.0000000000000000E+00,   0.0000000000000000E+00,   0.0000000000000000E+00,   0.0000000000000000E+00,   0.0000000000000000E+00,   0.0000000000000000E+00,   0.0000000000000000E+00,   0.0000000000000000E+00,   0.0000000000000000E+00,   0.0000000000000000E+00,   0.0000000000000000E+00,   0.0000000000000000E+00,   0.0000000000000000E+00,   0.0000000000000000E+00,   0.0000000000000000E+00,   0.0000000000000000E+00,   0.0000000000000000E+00,   0.1634036900769464E+03
T16_D01,   0.0000000000000000E+00,   0.0000000000000000E+00,   0.0000000000000000E+00,   0.0000000000000000E+00,   0.0000000000000000E+00,   0.0000000000000000E+00,   0.0000000000000000E+00,   0.0000000000000000E+00,   0.0000000000000000E+00,   0.0000000000000000E+00,   0.0000000000000000E+00,   0.0000000000000000E+00,   0.0000000000000000E+00,   0.0000000000000000E+00,   0.0000000000000000E+00,   0.0000000000000000E+00,   0.0000000000000000E+00,   0.0000000000000000E+00,   0.0000000000000000E+00,   0.0000000000000000E+00,   0.0000000000000000E+00,   0.0000000000000000E+00,   0.0000000000000000E+00,   0.0000000000000000E+00,   0.1634036900769464E+03
T17_D01,   0.0000000000000000E+00,   0.0000000000000000E+00,   0.0000000000000000E+00,   0.0000000000000000E+00,   0.0000000000000000E+00,   0.0000000000000000E+00,   0.0000000000000000E+00,   0.0000000000000000E+00,   0.0000000000000000E+00,   0.0000000000000000E+00,   0.0000000000000000E+00,   0.0000000000000000E+00,   0.0000000000000000E+00,   0.0000000000000000E+00,   0.0000000000000000E+00,   0.0000000000000000E+00,   0.0000000000000000E+00,   0.0000000000000000E+00,   0.0000000000000000E+00,   0.0000000000000000E+00,   0.0000000000000000E+00,   0.0000000000000000E+00,   0.0000000000000000E+00,   0.0000000000000000E+00,   0.1634036900769464E+03
T18_D01,   0.0000000000000000E+00,   0.0000000000000000E+00,   0.0000000000000000E+00,   0.0000000000000000E+00,   0.0000000000000000E+00,   0.0000000000000000E+00,   0.0000000000000000E+00,   0.0000000000000000E+00,   0.0000000000000000E+00,   0.0000000000000000E+00,   0.0000000000000000E+00,   0.0000000000000000E+00,   0.0000000000000000E+00,   0.0000000000000000E+00,   0.0000000000000000E+00,   0.0000000000000000E+00,   0.0000000000000000E+00,   0.0000000000000000E+00,   0.0000000000000000E+00,   0.0000000000000000E+00,   0.0000000000000000E+00,   0.0000000000000000E+00,   0.0000000000000000E+00,   0.0000000000000000E+00,   0.1634036900769464E+03
T19_D01,   0.0000000000000000E+00,   0.0000000000000000E+00,   0.0000000000000000E+00,   0.0000000000000000E+00,   0.0000000000000000E+00,   0.0000000000000000E+00,   0.0000000000000000E+00,   0.0000000000000000E+00,   0.0000000000000000E+00,   0.0000000000000000E+00,   0.0000000000000000E+00,   0.0000000000000000E+00,   0.0000000000000000E+00,   0.0000000000000000E+00,   0.0000000000000000E+00,   0.0000000000000000E+00,   0.0000000000000000E+00,   0.0000000000000000E+00,   0.0000000000000000E+00,   0.0000000000000000E+00,   0.0000000000000000E+00,   0.0000000000000000E+00,   0.0000000000000000E+00,   0.0000000000000000E+00,   0.1634036900769464E+03
T20_D01,   0.0000000000000000E+00,   0.0000000000000000E+00,   0.0000000000000000E+00,   0.0000000000000000E+00,   0.0000000000000000E+00,   0.0000000000000000E+00,   0.0000000000000000E+00,   0.0000000000000000E+00,   0.0000000000000000E+00,   0.0000000000000000E+00,   0.0000000000000000E+00,   0.0000000000000000E+00,   0.0000000000000000E+00,   0.0000000000000000E+00,   0.0000000000000000E+00,   0.0000000000000000E+00,   0.0000000000000000E+00,   0.0000000000000000E+00,   0.0000000000000000E+00,   0.0000000000000000E+00,   0.0000000000000000E+00,   0.0000000000000000E+00,   0.0000000000000000E+00,   0.0000000000000000E+00,   0.1634036900769464E+03
T21_D01,   0.0000000000000000E+00,   0.0000000000000000E+00,   0.0000000000000000E+00,   0.0000000000000000E+00,   0.0000000000000000E+00,   0.0000000000000000E+00,   0.0000000000000000E+00,   0.0000000000000000E+00,   0.0000000000000000E+00,   0.0000000000000000E+00,   0.0000000000000000E+00,   0.0000000000000000E+00,   0.0000000000000000E+00,   0.0000000000000000E+00,   0.0000000000000000E+00,   0.0000000000000000E+00,   0.0000000000000000E+00,   0.0000000000000000E+00,   0.0000000000000000E+00,   0.0000000000000000E+00,   0.0000000000000000E+00,   0.0000000000000000E+00,   0.0000000000000000E+00,   0.0000000000000000E+00,   0.1634036900769464E+03
T22_D01,   0.0000000000000000E+00,   0.0000000000000000E+00,   0.0000000000000000E+00,   0.0000000000000000E+00,   0.0000000000000000E+00,   0.0000000000000000E+00,   0.0000000000000000E+00,   0.0000000000000000E+00,   0.0000000000000000E+00,   0.0000000000000000E+00,   0.0000000000000000E+00,   0.0000000000000000E+00,   0.0000000000000000E+00,   0.0000000000000000E+00,   0.0000000000000000E+00,   0.0000000000000000E+00,   0.0000000000000000E+00,   0.0000000000000000E+00,   0.0000000000000000E+00,   0.0000000000000000E+00,   0.0000000000000000E+00,   0.0000000000000000E+00,   0.0000000000000000E+00,   0.0000000000000000E+00,   0.1634036900769464E+03
T23_D01,   0.0000000000000000E+00,   0.0000000000000000E+00,   0.0000000000000000E+00,   0.0000000000000000E+00,   0.0000000000000000E+00,   0.0000000000000000E+00,   0.0000000000000000E+00,   0.0000000000000000E+00,   0.0000000000000000E+00,   0.0000000000000000E+00,   0.0000000000000000E+00,   0.0000000000000000E+00,   0.0000000000000000E+00,   0.0000000000000000E+00,   0.0000000000000000E+00,   0.0000000000000000E+00,   0.0000000000000000E+00,   0.0000000000000000E+00,   0.0000000000000000E+00,   0.0000000000000000E+00,   0.0000000000000000E+00,   0.0000000000000000E+00,   0.0000000000000000E+00,   0.0000000000000000E+00,   0.1634036900769464E+03
T24_D01,   0.0000000000000000E+00,   0.0000000000000000E+00,   0.0000000000000000E+00,   0.0000000000000000E+00,   0.0000000000000000E+00,   0.0000000000000000E+00,   0.0000000000000000E+00,   0.0000000000000000E+00,   0.0000000000000000E+00,   0.0000000000000000E+00,   0.0000000000000000E+00,   0.0000000000000000E+00,   0.0000000000000000E+00,   0.0000000000000000E+00,   0.0000000000000000E+00,   0.0000000000000000E+00,   0.0000000000000000E+00,   0.0000000000000000E+00,   0.0000000000000000E+00,   0.0000000000000000E+00,   0.0000000000000000E+00,   0.0000000000000000E+00,   0.0000000000000000E+00,   0.0000000000000000E+00,   0.1634036900769464E+03
