Run name : Karym_202111031800_obs2                                                                             
Location : Karymsky                                                                                            
Start Time : 03/11/2021 00:00 UTC     
Number of heights : 12
Number of times per day : 24
Number of days :  1
Base height :       1486.0
Height change :       2000.0
   time,          bestval_001    ,          bestval_002    ,          bestval_003    ,          bestval_004    ,          bestval_005    ,          bestval_006    ,          bestval_007    ,          bestval_008    ,          bestval_009    ,          bestval_010    ,          bestval_011    ,          bestval_012    ,          stdev_001      ,          stdev_002      ,          stdev_003      ,          stdev_004      ,          stdev_005      ,          stdev_006      ,          stdev_007      ,          stdev_008      ,          stdev_009      ,          stdev_010      ,          stdev_011      ,          stdev_012      ,          best_score     
T01_D01,   0.0000000000000000E+00,   0.0000000000000000E+00,   0.0000000000000000E+00,   0.0000000000000000E+00,   0.0000000000000000E+00,   0.0000000000000000E+00,   0.0000000000000000E+00,   0.0000000000000000E+00,   0.0000000000000000E+00,   0.0000000000000000E+00,   0.0000000000000000E+00,   0.0000000000000000E+00,   0.0000000000000000E+00,   0.0000000000000000E+00,   0.0000000000000000E+00,   0.0000000000000000E+00,   0.0000000000000000E+00,   0.0000000000000000E+00,   0.0000000000000000E+00,   0.0000000000000000E+00,   0.0000000000000000E+00,   0.0000000000000000E+00,   0.0000000000000000E+00,   0.0000000000000000E+00,   0.9104738791116051E+02
T02_D01,   0.0000000000000000E+00,   0.0000000000000000E+00,   0.0000000000000000E+00,   0.0000000000000000E+00,   0.0000000000000000E+00,   0.0000000000000000E+00,   0.0000000000000000E+00,   0.0000000000000000E+00,   0.0000000000000000E+00,   0.0000000000000000E+00,   0.0000000000000000E+00,   0.0000000000000000E+00,   0.0000000000000000E+00,   0.0000000000000000E+00,   0.0000000000000000E+00,   0.0000000000000000E+00,   0.0000000000000000E+00,   0.0000000000000000E+00,   0.0000000000000000E+00,   0.0000000000000000E+00,   0.0000000000000000E+00,   0.0000000000000000E+00,   0.0000000000000000E+00,   0.0000000000000000E+00,   0.9104738791116051E+02
T03_D01,   0.0000000000000000E+00,   0.0000000000000000E+00,   0.0000000000000000E+00,   0.0000000000000000E+00,   0.0000000000000000E+00,   0.0000000000000000E+00,   0.0000000000000000E+00,   0.0000000000000000E+00,   0.0000000000000000E+00,   0.0000000000000000E+00,   0.0000000000000000E+00,   0.0000000000000000E+00,   0.0000000000000000E+00,   0.0000000000000000E+00,   0.0000000000000000E+00,   0.0000000000000000E+00,   0.0000000000000000E+00,   0.0000000000000000E+00,   0.0000000000000000E+00,   0.0000000000000000E+00,   0.0000000000000000E+00,   0.0000000000000000E+00,   0.0000000000000000E+00,   0.0000000000000000E+00,   0.9104738791116051E+02
T04_D01,   0.0000000000000000E+00,   0.0000000000000000E+00,   0.0000000000000000E+00,   0.0000000000000000E+00,   0.0000000000000000E+00,   0.0000000000000000E+00,   0.0000000000000000E+00,   0.0000000000000000E+00,   0.0000000000000000E+00,   0.0000000000000000E+00,   0.0000000000000000E+00,   0.0000000000000000E+00,   0.0000000000000000E+00,   0.0000000000000000E+00,   0.0000000000000000E+00,   0.0000000000000000E+00,   0.0000000000000000E+00,   0.0000000000000000E+00,   0.0000000000000000E+00,   0.0000000000000000E+00,   0.0000000000000000E+00,   0.0000000000000000E+00,   0.0000000000000000E+00,   0.0000000000000000E+00,   0.9104738791116051E+02
T05_D01,   0.0000000000000000E+00,   0.0000000000000000E+00,   0.0000000000000000E+00,   0.0000000000000000E+00,   0.0000000000000000E+00,   0.0000000000000000E+00,   0.0000000000000000E+00,   0.0000000000000000E+00,   0.0000000000000000E+00,   0.0000000000000000E+00,   0.0000000000000000E+00,   0.0000000000000000E+00,   0.0000000000000000E+00,   0.0000000000000000E+00,   0.0000000000000000E+00,   0.0000000000000000E+00,   0.0000000000000000E+00,   0.0000000000000000E+00,   0.0000000000000000E+00,   0.0000000000000000E+00,   0.0000000000000000E+00,   0.0000000000000000E+00,   0.0000000000000000E+00,   0.0000000000000000E+00,   0.9104738791116051E+02
T06_D01,   0.0000000000000000E+00,   0.0000000000000000E+00,   0.0000000000000000E+00,   0.0000000000000000E+00,   0.0000000000000000E+00,   0.0000000000000000E+00,   0.0000000000000000E+00,   0.0000000000000000E+00,   0.0000000000000000E+00,   0.0000000000000000E+00,   0.0000000000000000E+00,   0.0000000000000000E+00,   0.0000000000000000E+00,   0.0000000000000000E+00,   0.0000000000000000E+00,   0.0000000000000000E+00,   0.0000000000000000E+00,   0.0000000000000000E+00,   0.0000000000000000E+00,   0.0000000000000000E+00,   0.0000000000000000E+00,   0.0000000000000000E+00,   0.0000000000000000E+00,   0.0000000000000000E+00,   0.9104738791116051E+02
T07_D01,   0.0000000000000000E+00,   0.0000000000000000E+00,   0.0000000000000000E+00,   0.0000000000000000E+00,   0.0000000000000000E+00,   0.0000000000000000E+00,   0.0000000000000000E+00,   0.0000000000000000E+00,   0.0000000000000000E+00,   0.0000000000000000E+00,   0.0000000000000000E+00,   0.0000000000000000E+00,   0.0000000000000000E+00,   0.0000000000000000E+00,   0.0000000000000000E+00,   0.0000000000000000E+00,   0.0000000000000000E+00,   0.0000000000000000E+00,   0.0000000000000000E+00,   0.0000000000000000E+00,   0.0000000000000000E+00,   0.0000000000000000E+00,   0.0000000000000000E+00,   0.0000000000000000E+00,   0.9104738791116051E+02
T08_D01,   0.0000000000000000E+00,   0.4118250629771695E+07,   0.1338730576968444E+07,   0.1037141441983291E+06,   0.0000000000000000E+00,   0.0000000000000000E+00,   0.0000000000000000E+00,   0.0000000000000000E+00,   0.0000000000000000E+00,   0.0000000000000000E+00,   0.0000000000000000E+00,   0.0000000000000000E+00,   0.1443726925648983E+07,   0.1138107259489530E+07,   0.7394505830934698E+06,   0.4284177354934916E+06,   0.3725539007658993E+06,   0.1342558294004708E+06,   0.0000000000000000E+00,   0.0000000000000000E+00,   0.0000000000000000E+00,   0.0000000000000000E+00,   0.0000000000000000E+00,   0.0000000000000000E+00,   0.9104738791116051E+02
T09_D01,   0.0000000000000000E+00,   0.2949526731913622E+07,   0.8405214854814148E+06,   0.1816379582834159E+07,   0.0000000000000000E+00,   0.0000000000000000E+00,   0.0000000000000000E+00,   0.0000000000000000E+00,   0.0000000000000000E+00,   0.0000000000000000E+00,   0.0000000000000000E+00,   0.0000000000000000E+00,   0.1593247626446159E+07,   0.1896244351513829E+07,   0.9459167745227418E+06,   0.3153301172902556E+06,   0.5648641495707787E+06,   0.1497973602248622E+06,   0.0000000000000000E+00,   0.0000000000000000E+00,   0.0000000000000000E+00,   0.0000000000000000E+00,   0.0000000000000000E+00,   0.0000000000000000E+00,   0.9104738791116051E+02
T10_D01,   0.0000000000000000E+00,   0.3811188060665546E+07,   0.2241299572108183E+07,   0.1903972199098549E+07,   0.5470077340468358E+05,   0.0000000000000000E+00,   0.0000000000000000E+00,   0.0000000000000000E+00,   0.0000000000000000E+00,   0.0000000000000000E+00,   0.0000000000000000E+00,   0.0000000000000000E+00,   0.2015651092824509E+07,   0.2332795891729548E+07,   0.1050896744337897E+07,   0.3729988537293081E+06,   0.8247757228605595E+06,   0.1619878601239747E+06,   0.0000000000000000E+00,   0.0000000000000000E+00,   0.0000000000000000E+00,   0.0000000000000000E+00,   0.0000000000000000E+00,   0.0000000000000000E+00,   0.9104738791116051E+02
T11_D01,   0.7873047346051671E+06,   0.3712125066340676E+07,   0.0000000000000000E+00,   0.0000000000000000E+00,   0.1705193198354626E+07,   0.0000000000000000E+00,   0.0000000000000000E+00,   0.0000000000000000E+00,   0.0000000000000000E+00,   0.0000000000000000E+00,   0.0000000000000000E+00,   0.0000000000000000E+00,   0.2835429368341561E+07,   0.2268667478187529E+07,   0.8156146180782403E+06,   0.4993574596250482E+06,   0.1417019808334022E+07,   0.2064187717396182E+06,   0.0000000000000000E+00,   0.0000000000000000E+00,   0.0000000000000000E+00,   0.0000000000000000E+00,   0.0000000000000000E+00,   0.0000000000000000E+00,   0.9104738791116051E+02
T12_D01,   0.1662130330100531E+07,   0.1077020501995361E+07,   0.0000000000000000E+00,   0.0000000000000000E+00,   0.0000000000000000E+00,   0.0000000000000000E+00,   0.0000000000000000E+00,   0.0000000000000000E+00,   0.0000000000000000E+00,   0.0000000000000000E+00,   0.0000000000000000E+00,   0.0000000000000000E+00,   0.3546323168364464E+07,   0.2579798526060321E+07,   0.4596532570830301E+06,   0.3610218805024519E+06,   0.1165199384518079E+07,   0.3027465232735089E+06,   0.0000000000000000E+00,   0.0000000000000000E+00,   0.0000000000000000E+00,   0.0000000000000000E+00,   0.0000000000000000E+00,   0.0000000000000000E+00,   0.9104738791116051E+02
T13_D01,   0.1826446590504507E+07,   0.0000000000000000E+00,   0.0000000000000000E+00,   0.0000000000000000E+00,   0.0000000000000000E+00,   0.7499564483643611E+05,   0.0000000000000000E+00,   0.0000000000000000E+00,   0.0000000000000000E+00,   0.0000000000000000E+00,   0.0000000000000000E+00,   0.0000000000000000E+00,   0.6992364347586751E+07,   0.2744143347890384E+07,   0.2879721614764133E+06,   0.3088428680755799E+06,   0.7891579863806480E+06,   0.5319444017471629E+06,   0.0000000000000000E+00,   0.0000000000000000E+00,   0.0000000000000000E+00,   0.0000000000000000E+00,   0.0000000000000000E+00,   0.0000000000000000E+00,   0.9104738791116051E+02
T14_D01,   0.0000000000000000E+00,   0.0000000000000000E+00,   0.0000000000000000E+00,   0.0000000000000000E+00,   0.0000000000000000E+00,   0.0000000000000000E+00,   0.0000000000000000E+00,   0.0000000000000000E+00,   0.0000000000000000E+00,   0.0000000000000000E+00,   0.0000000000000000E+00,   0.0000000000000000E+00,   0.0000000000000000E+00,   0.0000000000000000E+00,   0.0000000000000000E+00,   0.0000000000000000E+00,   0.0000000000000000E+00,   0.0000000000000000E+00,   0.0000000000000000E+00,   0.0000000000000000E+00,   0.0000000000000000E+00,   0.0000000000000000E+00,   0.0000000000000000E+00,   0.0000000000000000E+00,   0.9104738791116051E+02
T15_D01,   0.0000000000000000E+00,   0.0000000000000000E+00,   0.0000000000000000E+00,   0.0000000000000000E+00,   0.0000000000000000E+00,   0.0000000000000000E+00,   0.0000000000000000E+00,   0.0000000000000000E+00,   0.0000000000000000E+00,   0.0000000000000000E+00,   0.0000000000000000E+00,   0.0000000000000000E+00,   0.0000000000000000E+00,   0.0000000000000000E+00,   0.0000000000000000E+00,   0.0000000000000000E+00,   0.0000000000000000E+00,   0.0000000000000000E+00,   0.0000000000000000E+00,   0.0000000000000000E+00,   0.0000000000000000E+00,   0.0000000000000000E+00,   0.0000000000000000E+00,   0.0000000000000000E+00,   0.9104738791116051E+02
T16_D01,   0.0000000000000000E+00,   0.0000000000000000E+00,   0.0000000000000000E+00,   0.0000000000000000E+00,   0.0000000000000000E+00,   0.0000000000000000E+00,   0.0000000000000000E+00,   0.0000000000000000E+00,   0.0000000000000000E+00,   0.0000000000000000E+00,   0.0000000000000000E+00,   0.0000000000000000E+00,   0.0000000000000000E+00,   0.0000000000000000E+00,   0.0000000000000000E+00,   0.0000000000000000E+00,   0.0000000000000000E+00,   0.0000000000000000E+00,   0.0000000000000000E+00,   0.0000000000000000E+00,   0.0000000000000000E+00,   0.0000000000000000E+00,   0.0000000000000000E+00,   0.0000000000000000E+00,   0.9104738791116051E+02
T17_D01,   0.0000000000000000E+00,   0.0000000000000000E+00,   0.0000000000000000E+00,   0.0000000000000000E+00,   0.0000000000000000E+00,   0.0000000000000000E+00,   0.0000000000000000E+00,   0.0000000000000000E+00,   0.0000000000000000E+00,   0.0000000000000000E+00,   0.0000000000000000E+00,   0.0000000000000000E+00,   0.0000000000000000E+00,   0.0000000000000000E+00,   0.0000000000000000E+00,   0.0000000000000000E+00,   0.0000000000000000E+00,   0.0000000000000000E+00,   0.0000000000000000E+00,   0.0000000000000000E+00,   0.0000000000000000E+00,   0.0000000000000000E+00,   0.0000000000000000E+00,   0.0000000000000000E+00,   0.9104738791116051E+02
T18_D01,   0.0000000000000000E+00,   0.0000000000000000E+00,   0.0000000000000000E+00,   0.0000000000000000E+00,   0.0000000000000000E+00,   0.0000000000000000E+00,   0.0000000000000000E+00,   0.0000000000000000E+00,   0.0000000000000000E+00,   0.0000000000000000E+00,   0.0000000000000000E+00,   0.0000000000000000E+00,   0.0000000000000000E+00,   0.0000000000000000E+00,   0.0000000000000000E+00,   0.0000000000000000E+00,   0.0000000000000000E+00,   0.0000000000000000E+00,   0.0000000000000000E+00,   0.0000000000000000E+00,   0.0000000000000000E+00,   0.0000000000000000E+00,   0.0000000000000000E+00,   0.0000000000000000E+00,   0.9104738791116051E+02
T19_D01,   0.0000000000000000E+00,   0.0000000000000000E+00,   0.0000000000000000E+00,   0.0000000000000000E+00,   0.0000000000000000E+00,   0.0000000000000000E+00,   0.0000000000000000E+00,   0.0000000000000000E+00,   0.0000000000000000E+00,   0.0000000000000000E+00,   0.0000000000000000E+00,   0.0000000000000000E+00,   0.0000000000000000E+00,   0.0000000000000000E+00,   0.0000000000000000E+00,   0.0000000000000000E+00,   0.0000000000000000E+00,   0.0000000000000000E+00,   0.0000000000000000E+00,   0.0000000000000000E+00,   0.0000000000000000E+00,   0.0000000000000000E+00,   0.0000000000000000E+00,   0.0000000000000000E+00,   0.9104738791116051E+02
T20_D01,   0.0000000000000000E+00,   0.0000000000000000E+00,   0.0000000000000000E+00,   0.0000000000000000E+00,   0.0000000000000000E+00,   0.0000000000000000E+00,   0.0000000000000000E+00,   0.0000000000000000E+00,   0.0000000000000000E+00,   0.0000000000000000E+00,   0.0000000000000000E+00,   0.0000000000000000E+00,   0.0000000000000000E+00,   0.0000000000000000E+00,   0.0000000000000000E+00,   0.0000000000000000E+00,   0.0000000000000000E+00,   0.0000000000000000E+00,   0.0000000000000000E+00,   0.0000000000000000E+00,   0.0000000000000000E+00,   0.0000000000000000E+00,   0.0000000000000000E+00,   0.0000000000000000E+00,   0.9104738791116051E+02
T21_D01,   0.0000000000000000E+00,   0.0000000000000000E+00,   0.0000000000000000E+00,   0.0000000000000000E+00,   0.0000000000000000E+00,   0.0000000000000000E+00,   0.0000000000000000E+00,   0.0000000000000000E+00,   0.0000000000000000E+00,   0.0000000000000000E+00,   0.0000000000000000E+00,   0.0000000000000000E+00,   0.0000000000000000E+00,   0.0000000000000000E+00,   0.0000000000000000E+00,   0.0000000000000000E+00,   0.0000000000000000E+00,   0.0000000000000000E+00,   0.0000000000000000E+00,   0.0000000000000000E+00,   0.0000000000000000E+00,   0.0000000000000000E+00,   0.0000000000000000E+00,   0.0000000000000000E+00,   0.9104738791116051E+02
T22_D01,   0.0000000000000000E+00,   0.0000000000000000E+00,   0.0000000000000000E+00,   0.0000000000000000E+00,   0.0000000000000000E+00,   0.0000000000000000E+00,   0.0000000000000000E+00,   0.0000000000000000E+00,   0.0000000000000000E+00,   0.0000000000000000E+00,   0.0000000000000000E+00,   0.0000000000000000E+00,   0.0000000000000000E+00,   0.0000000000000000E+00,   0.0000000000000000E+00,   0.0000000000000000E+00,   0.0000000000000000E+00,   0.0000000000000000E+00,   0.0000000000000000E+00,   0.0000000000000000E+00,   0.0000000000000000E+00,   0.0000000000000000E+00,   0.0000000000000000E+00,   0.0000000000000000E+00,   0.9104738791116051E+02
T23_D01,   0.0000000000000000E+00,   0.0000000000000000E+00,   0.0000000000000000E+00,   0.0000000000000000E+00,   0.0000000000000000E+00,   0.0000000000000000E+00,   0.0000000000000000E+00,   0.0000000000000000E+00,   0.0000000000000000E+00,   0.0000000000000000E+00,   0.0000000000000000E+00,   0.0000000000000000E+00,   0.0000000000000000E+00,   0.0000000000000000E+00,   0.0000000000000000E+00,   0.0000000000000000E+00,   0.0000000000000000E+00,   0.0000000000000000E+00,   0.0000000000000000E+00,   0.0000000000000000E+00,   0.0000000000000000E+00,   0.0000000000000000E+00,   0.0000000000000000E+00,   0.0000000000000000E+00,   0.9104738791116051E+02
T24_D01,   0.0000000000000000E+00,   0.0000000000000000E+00,   0.0000000000000000E+00,   0.0000000000000000E+00,   0.0000000000000000E+00,   0.0000000000000000E+00,   0.0000000000000000E+00,   0.0000000000000000E+00,   0.0000000000000000E+00,   0.0000000000000000E+00,   0.0000000000000000E+00,   0.0000000000000000E+00,   0.0000000000000000E+00,   0.0000000000000000E+00,   0.0000000000000000E+00,   0.0000000000000000E+00,   0.0000000000000000E+00,   0.0000000000000000E+00,   0.0000000000000000E+00,   0.0000000000000000E+00,   0.0000000000000000E+00,   0.0000000000000000E+00,   0.0000000000000000E+00,   0.0000000000000000E+00,   0.9104738791116051E+02
