Run name : Karym_202111041800_obs2                                                                             
Location : Karymsky                                                                                            
Start Time : 03/11/2021 00:00 UTC     
Number of heights : 12
Number of times per day : 24
Number of days :  2
Base height :       1486.0
Height change :       2000.0
   time,          bestval_001    ,          bestval_002    ,          bestval_003    ,          bestval_004    ,          bestval_005    ,          bestval_006    ,          bestval_007    ,          bestval_008    ,          bestval_009    ,          bestval_010    ,          bestval_011    ,          bestval_012    ,          stdev_001      ,          stdev_002      ,          stdev_003      ,          stdev_004      ,          stdev_005      ,          stdev_006      ,          stdev_007      ,          stdev_008      ,          stdev_009      ,          stdev_010      ,          stdev_011      ,          stdev_012      ,          best_score     
T01_D01,   0.0000000000000000E+00,   0.0000000000000000E+00,   0.0000000000000000E+00,   0.0000000000000000E+00,   0.0000000000000000E+00,   0.0000000000000000E+00,   0.0000000000000000E+00,   0.0000000000000000E+00,   0.0000000000000000E+00,   0.0000000000000000E+00,   0.0000000000000000E+00,   0.0000000000000000E+00,   0.0000000000000000E+00,   0.0000000000000000E+00,   0.0000000000000000E+00,   0.0000000000000000E+00,   0.0000000000000000E+00,   0.0000000000000000E+00,   0.0000000000000000E+00,   0.0000000000000000E+00,   0.0000000000000000E+00,   0.0000000000000000E+00,   0.0000000000000000E+00,   0.0000000000000000E+00,   0.3962839177177249E+03
T02_D01,   0.0000000000000000E+00,   0.0000000000000000E+00,   0.0000000000000000E+00,   0.0000000000000000E+00,   0.0000000000000000E+00,   0.0000000000000000E+00,   0.0000000000000000E+00,   0.0000000000000000E+00,   0.0000000000000000E+00,   0.0000000000000000E+00,   0.0000000000000000E+00,   0.0000000000000000E+00,   0.0000000000000000E+00,   0.0000000000000000E+00,   0.0000000000000000E+00,   0.0000000000000000E+00,   0.0000000000000000E+00,   0.0000000000000000E+00,   0.0000000000000000E+00,   0.0000000000000000E+00,   0.0000000000000000E+00,   0.0000000000000000E+00,   0.0000000000000000E+00,   0.0000000000000000E+00,   0.3962839177177249E+03
T03_D01,   0.0000000000000000E+00,   0.0000000000000000E+00,   0.0000000000000000E+00,   0.0000000000000000E+00,   0.0000000000000000E+00,   0.0000000000000000E+00,   0.0000000000000000E+00,   0.0000000000000000E+00,   0.0000000000000000E+00,   0.0000000000000000E+00,   0.0000000000000000E+00,   0.0000000000000000E+00,   0.0000000000000000E+00,   0.0000000000000000E+00,   0.0000000000000000E+00,   0.0000000000000000E+00,   0.0000000000000000E+00,   0.0000000000000000E+00,   0.0000000000000000E+00,   0.0000000000000000E+00,   0.0000000000000000E+00,   0.0000000000000000E+00,   0.0000000000000000E+00,   0.0000000000000000E+00,   0.3962839177177249E+03
T04_D01,   0.0000000000000000E+00,   0.0000000000000000E+00,   0.0000000000000000E+00,   0.0000000000000000E+00,   0.0000000000000000E+00,   0.0000000000000000E+00,   0.0000000000000000E+00,   0.0000000000000000E+00,   0.0000000000000000E+00,   0.0000000000000000E+00,   0.0000000000000000E+00,   0.0000000000000000E+00,   0.0000000000000000E+00,   0.0000000000000000E+00,   0.0000000000000000E+00,   0.0000000000000000E+00,   0.0000000000000000E+00,   0.0000000000000000E+00,   0.0000000000000000E+00,   0.0000000000000000E+00,   0.0000000000000000E+00,   0.0000000000000000E+00,   0.0000000000000000E+00,   0.0000000000000000E+00,   0.3962839177177249E+03
T05_D01,   0.0000000000000000E+00,   0.0000000000000000E+00,   0.0000000000000000E+00,   0.0000000000000000E+00,   0.0000000000000000E+00,   0.0000000000000000E+00,   0.0000000000000000E+00,   0.0000000000000000E+00,   0.0000000000000000E+00,   0.0000000000000000E+00,   0.0000000000000000E+00,   0.0000000000000000E+00,   0.0000000000000000E+00,   0.0000000000000000E+00,   0.0000000000000000E+00,   0.0000000000000000E+00,   0.0000000000000000E+00,   0.0000000000000000E+00,   0.0000000000000000E+00,   0.0000000000000000E+00,   0.0000000000000000E+00,   0.0000000000000000E+00,   0.0000000000000000E+00,   0.0000000000000000E+00,   0.3962839177177249E+03
T06_D01,   0.0000000000000000E+00,   0.0000000000000000E+00,   0.0000000000000000E+00,   0.0000000000000000E+00,   0.0000000000000000E+00,   0.0000000000000000E+00,   0.0000000000000000E+00,   0.0000000000000000E+00,   0.0000000000000000E+00,   0.0000000000000000E+00,   0.0000000000000000E+00,   0.0000000000000000E+00,   0.0000000000000000E+00,   0.0000000000000000E+00,   0.0000000000000000E+00,   0.0000000000000000E+00,   0.0000000000000000E+00,   0.0000000000000000E+00,   0.0000000000000000E+00,   0.0000000000000000E+00,   0.0000000000000000E+00,   0.0000000000000000E+00,   0.0000000000000000E+00,   0.0000000000000000E+00,   0.3962839177177249E+03
T07_D01,   0.0000000000000000E+00,   0.0000000000000000E+00,   0.0000000000000000E+00,   0.0000000000000000E+00,   0.0000000000000000E+00,   0.0000000000000000E+00,   0.0000000000000000E+00,   0.0000000000000000E+00,   0.0000000000000000E+00,   0.0000000000000000E+00,   0.0000000000000000E+00,   0.0000000000000000E+00,   0.0000000000000000E+00,   0.0000000000000000E+00,   0.0000000000000000E+00,   0.0000000000000000E+00,   0.0000000000000000E+00,   0.0000000000000000E+00,   0.0000000000000000E+00,   0.0000000000000000E+00,   0.0000000000000000E+00,   0.0000000000000000E+00,   0.0000000000000000E+00,   0.0000000000000000E+00,   0.3962839177177249E+03
T08_D01,   0.0000000000000000E+00,   0.4391570384941134E+07,   0.1505243044664888E+07,   0.1203814907351099E+06,   0.0000000000000000E+00,   0.0000000000000000E+00,   0.0000000000000000E+00,   0.0000000000000000E+00,   0.0000000000000000E+00,   0.0000000000000000E+00,   0.0000000000000000E+00,   0.0000000000000000E+00,   0.9976605577421315E+06,   0.1095813318253899E+07,   0.7321034577137643E+06,   0.4266878535043933E+06,   0.3695704495961401E+06,   0.1342464198440138E+06,   0.0000000000000000E+00,   0.0000000000000000E+00,   0.0000000000000000E+00,   0.0000000000000000E+00,   0.0000000000000000E+00,   0.0000000000000000E+00,   0.3962839177177249E+03
T09_D01,   0.0000000000000000E+00,   0.3322570436334974E+07,   0.1228280347411685E+07,   0.2009075831051610E+07,   0.0000000000000000E+00,   0.0000000000000000E+00,   0.0000000000000000E+00,   0.0000000000000000E+00,   0.0000000000000000E+00,   0.0000000000000000E+00,   0.0000000000000000E+00,   0.0000000000000000E+00,   0.1293389598965771E+07,   0.1747473795887695E+07,   0.8896221456445075E+06,   0.3024961619875309E+06,   0.5476940667269288E+06,   0.1496371607930194E+06,   0.0000000000000000E+00,   0.0000000000000000E+00,   0.0000000000000000E+00,   0.0000000000000000E+00,   0.0000000000000000E+00,   0.0000000000000000E+00,   0.3962839177177249E+03
T10_D01,   0.0000000000000000E+00,   0.3675278398537131E+07,   0.2907302959530811E+07,   0.2182598064716996E+07,   0.0000000000000000E+00,   0.0000000000000000E+00,   0.0000000000000000E+00,   0.0000000000000000E+00,   0.0000000000000000E+00,   0.0000000000000000E+00,   0.0000000000000000E+00,   0.0000000000000000E+00,   0.1800397942716291E+07,   0.2069354035328954E+07,   0.9297239839515410E+06,   0.3355639374086925E+06,   0.7372994072787362E+06,   0.1614130514587888E+06,   0.0000000000000000E+00,   0.0000000000000000E+00,   0.0000000000000000E+00,   0.0000000000000000E+00,   0.0000000000000000E+00,   0.0000000000000000E+00,   0.3962839177177249E+03
T11_D01,   0.2483547476242186E+06,   0.3127979233265278E+07,   0.0000000000000000E+00,   0.1391022878286728E+06,   0.8277409902211854E+06,   0.0000000000000000E+00,   0.0000000000000000E+00,   0.0000000000000000E+00,   0.0000000000000000E+00,   0.0000000000000000E+00,   0.0000000000000000E+00,   0.0000000000000000E+00,   0.2082890536237416E+07,   0.2003140742978045E+07,   0.6660252594688586E+06,   0.4057678029706856E+06,   0.1052943765153435E+07,   0.2014815595371186E+06,   0.0000000000000000E+00,   0.0000000000000000E+00,   0.0000000000000000E+00,   0.0000000000000000E+00,   0.0000000000000000E+00,   0.0000000000000000E+00,   0.3962839177177249E+03
T12_D01,   0.0000000000000000E+00,   0.3708111805917576E+06,   0.0000000000000000E+00,   0.2847608245638716E+05,   0.0000000000000000E+00,   0.0000000000000000E+00,   0.0000000000000000E+00,   0.0000000000000000E+00,   0.0000000000000000E+00,   0.0000000000000000E+00,   0.0000000000000000E+00,   0.0000000000000000E+00,   0.1555087128711444E+07,   0.2007329938737187E+07,   0.3385785265773967E+06,   0.2664062860306926E+06,   0.8476262803885572E+06,   0.2583649498561333E+06,   0.0000000000000000E+00,   0.0000000000000000E+00,   0.0000000000000000E+00,   0.0000000000000000E+00,   0.0000000000000000E+00,   0.0000000000000000E+00,   0.3962839177177249E+03
T13_D01,   0.0000000000000000E+00,   0.0000000000000000E+00,   0.0000000000000000E+00,   0.2232429783812358E+05,   0.0000000000000000E+00,   0.4539534757166693E+05,   0.0000000000000000E+00,   0.0000000000000000E+00,   0.0000000000000000E+00,   0.0000000000000000E+00,   0.0000000000000000E+00,   0.0000000000000000E+00,   0.7781150702943836E+06,   0.1424090502298051E+07,   0.1722297865437702E+06,   0.1903930593614674E+06,   0.4669120121202091E+06,   0.3095753317689364E+06,   0.0000000000000000E+00,   0.0000000000000000E+00,   0.0000000000000000E+00,   0.0000000000000000E+00,   0.0000000000000000E+00,   0.0000000000000000E+00,   0.3962839177177249E+03
T14_D01,   0.0000000000000000E+00,   0.0000000000000000E+00,   0.0000000000000000E+00,   0.0000000000000000E+00,   0.0000000000000000E+00,   0.0000000000000000E+00,   0.0000000000000000E+00,   0.0000000000000000E+00,   0.0000000000000000E+00,   0.0000000000000000E+00,   0.0000000000000000E+00,   0.0000000000000000E+00,   0.0000000000000000E+00,   0.0000000000000000E+00,   0.0000000000000000E+00,   0.0000000000000000E+00,   0.0000000000000000E+00,   0.0000000000000000E+00,   0.0000000000000000E+00,   0.0000000000000000E+00,   0.0000000000000000E+00,   0.0000000000000000E+00,   0.0000000000000000E+00,   0.0000000000000000E+00,   0.3962839177177249E+03
T15_D01,   0.0000000000000000E+00,   0.0000000000000000E+00,   0.0000000000000000E+00,   0.0000000000000000E+00,   0.0000000000000000E+00,   0.0000000000000000E+00,   0.0000000000000000E+00,   0.0000000000000000E+00,   0.0000000000000000E+00,   0.0000000000000000E+00,   0.0000000000000000E+00,   0.0000000000000000E+00,   0.0000000000000000E+00,   0.0000000000000000E+00,   0.0000000000000000E+00,   0.0000000000000000E+00,   0.0000000000000000E+00,   0.0000000000000000E+00,   0.0000000000000000E+00,   0.0000000000000000E+00,   0.0000000000000000E+00,   0.0000000000000000E+00,   0.0000000000000000E+00,   0.0000000000000000E+00,   0.3962839177177249E+03
T16_D01,   0.0000000000000000E+00,   0.0000000000000000E+00,   0.0000000000000000E+00,   0.0000000000000000E+00,   0.0000000000000000E+00,   0.0000000000000000E+00,   0.0000000000000000E+00,   0.0000000000000000E+00,   0.0000000000000000E+00,   0.0000000000000000E+00,   0.0000000000000000E+00,   0.0000000000000000E+00,   0.0000000000000000E+00,   0.0000000000000000E+00,   0.0000000000000000E+00,   0.0000000000000000E+00,   0.0000000000000000E+00,   0.0000000000000000E+00,   0.0000000000000000E+00,   0.0000000000000000E+00,   0.0000000000000000E+00,   0.0000000000000000E+00,   0.0000000000000000E+00,   0.0000000000000000E+00,   0.3962839177177249E+03
T17_D01,   0.0000000000000000E+00,   0.0000000000000000E+00,   0.0000000000000000E+00,   0.0000000000000000E+00,   0.0000000000000000E+00,   0.0000000000000000E+00,   0.0000000000000000E+00,   0.0000000000000000E+00,   0.0000000000000000E+00,   0.0000000000000000E+00,   0.0000000000000000E+00,   0.0000000000000000E+00,   0.0000000000000000E+00,   0.0000000000000000E+00,   0.0000000000000000E+00,   0.0000000000000000E+00,   0.0000000000000000E+00,   0.0000000000000000E+00,   0.0000000000000000E+00,   0.0000000000000000E+00,   0.0000000000000000E+00,   0.0000000000000000E+00,   0.0000000000000000E+00,   0.0000000000000000E+00,   0.3962839177177249E+03
T18_D01,   0.0000000000000000E+00,   0.0000000000000000E+00,   0.0000000000000000E+00,   0.0000000000000000E+00,   0.0000000000000000E+00,   0.0000000000000000E+00,   0.0000000000000000E+00,   0.0000000000000000E+00,   0.0000000000000000E+00,   0.0000000000000000E+00,   0.0000000000000000E+00,   0.0000000000000000E+00,   0.0000000000000000E+00,   0.0000000000000000E+00,   0.0000000000000000E+00,   0.0000000000000000E+00,   0.0000000000000000E+00,   0.0000000000000000E+00,   0.0000000000000000E+00,   0.0000000000000000E+00,   0.0000000000000000E+00,   0.0000000000000000E+00,   0.0000000000000000E+00,   0.0000000000000000E+00,   0.3962839177177249E+03
T19_D01,   0.0000000000000000E+00,   0.0000000000000000E+00,   0.0000000000000000E+00,   0.0000000000000000E+00,   0.0000000000000000E+00,   0.0000000000000000E+00,   0.0000000000000000E+00,   0.0000000000000000E+00,   0.0000000000000000E+00,   0.0000000000000000E+00,   0.0000000000000000E+00,   0.0000000000000000E+00,   0.0000000000000000E+00,   0.0000000000000000E+00,   0.0000000000000000E+00,   0.0000000000000000E+00,   0.0000000000000000E+00,   0.0000000000000000E+00,   0.0000000000000000E+00,   0.0000000000000000E+00,   0.0000000000000000E+00,   0.0000000000000000E+00,   0.0000000000000000E+00,   0.0000000000000000E+00,   0.3962839177177249E+03
T20_D01,   0.0000000000000000E+00,   0.0000000000000000E+00,   0.0000000000000000E+00,   0.0000000000000000E+00,   0.0000000000000000E+00,   0.0000000000000000E+00,   0.0000000000000000E+00,   0.0000000000000000E+00,   0.0000000000000000E+00,   0.0000000000000000E+00,   0.0000000000000000E+00,   0.0000000000000000E+00,   0.0000000000000000E+00,   0.0000000000000000E+00,   0.0000000000000000E+00,   0.0000000000000000E+00,   0.0000000000000000E+00,   0.0000000000000000E+00,   0.0000000000000000E+00,   0.0000000000000000E+00,   0.0000000000000000E+00,   0.0000000000000000E+00,   0.0000000000000000E+00,   0.0000000000000000E+00,   0.3962839177177249E+03
T21_D01,   0.0000000000000000E+00,   0.0000000000000000E+00,   0.0000000000000000E+00,   0.0000000000000000E+00,   0.0000000000000000E+00,   0.0000000000000000E+00,   0.0000000000000000E+00,   0.0000000000000000E+00,   0.0000000000000000E+00,   0.0000000000000000E+00,   0.0000000000000000E+00,   0.0000000000000000E+00,   0.0000000000000000E+00,   0.0000000000000000E+00,   0.0000000000000000E+00,   0.0000000000000000E+00,   0.0000000000000000E+00,   0.0000000000000000E+00,   0.0000000000000000E+00,   0.0000000000000000E+00,   0.0000000000000000E+00,   0.0000000000000000E+00,   0.0000000000000000E+00,   0.0000000000000000E+00,   0.3962839177177249E+03
T22_D01,   0.0000000000000000E+00,   0.0000000000000000E+00,   0.0000000000000000E+00,   0.0000000000000000E+00,   0.0000000000000000E+00,   0.0000000000000000E+00,   0.0000000000000000E+00,   0.0000000000000000E+00,   0.0000000000000000E+00,   0.0000000000000000E+00,   0.0000000000000000E+00,   0.0000000000000000E+00,   0.0000000000000000E+00,   0.0000000000000000E+00,   0.0000000000000000E+00,   0.0000000000000000E+00,   0.0000000000000000E+00,   0.0000000000000000E+00,   0.0000000000000000E+00,   0.0000000000000000E+00,   0.0000000000000000E+00,   0.0000000000000000E+00,   0.0000000000000000E+00,   0.0000000000000000E+00,   0.3962839177177249E+03
T23_D01,   0.0000000000000000E+00,   0.0000000000000000E+00,   0.0000000000000000E+00,   0.0000000000000000E+00,   0.0000000000000000E+00,   0.0000000000000000E+00,   0.0000000000000000E+00,   0.0000000000000000E+00,   0.0000000000000000E+00,   0.0000000000000000E+00,   0.0000000000000000E+00,   0.0000000000000000E+00,   0.0000000000000000E+00,   0.0000000000000000E+00,   0.0000000000000000E+00,   0.0000000000000000E+00,   0.0000000000000000E+00,   0.0000000000000000E+00,   0.0000000000000000E+00,   0.0000000000000000E+00,   0.0000000000000000E+00,   0.0000000000000000E+00,   0.0000000000000000E+00,   0.0000000000000000E+00,   0.3962839177177249E+03
T24_D01,   0.0000000000000000E+00,   0.0000000000000000E+00,   0.0000000000000000E+00,   0.0000000000000000E+00,   0.0000000000000000E+00,   0.0000000000000000E+00,   0.0000000000000000E+00,   0.0000000000000000E+00,   0.0000000000000000E+00,   0.0000000000000000E+00,   0.0000000000000000E+00,   0.0000000000000000E+00,   0.0000000000000000E+00,   0.0000000000000000E+00,   0.0000000000000000E+00,   0.0000000000000000E+00,   0.0000000000000000E+00,   0.0000000000000000E+00,   0.0000000000000000E+00,   0.0000000000000000E+00,   0.0000000000000000E+00,   0.0000000000000000E+00,   0.0000000000000000E+00,   0.0000000000000000E+00,   0.3962839177177249E+03
T01_D02,   0.0000000000000000E+00,   0.0000000000000000E+00,   0.0000000000000000E+00,   0.0000000000000000E+00,   0.0000000000000000E+00,   0.0000000000000000E+00,   0.0000000000000000E+00,   0.0000000000000000E+00,   0.0000000000000000E+00,   0.0000000000000000E+00,   0.0000000000000000E+00,   0.0000000000000000E+00,   0.0000000000000000E+00,   0.0000000000000000E+00,   0.0000000000000000E+00,   0.0000000000000000E+00,   0.0000000000000000E+00,   0.0000000000000000E+00,   0.0000000000000000E+00,   0.0000000000000000E+00,   0.0000000000000000E+00,   0.0000000000000000E+00,   0.0000000000000000E+00,   0.0000000000000000E+00,   0.3962839177177249E+03
T02_D02,   0.0000000000000000E+00,   0.0000000000000000E+00,   0.0000000000000000E+00,   0.0000000000000000E+00,   0.0000000000000000E+00,   0.0000000000000000E+00,   0.0000000000000000E+00,   0.0000000000000000E+00,   0.0000000000000000E+00,   0.0000000000000000E+00,   0.0000000000000000E+00,   0.0000000000000000E+00,   0.0000000000000000E+00,   0.0000000000000000E+00,   0.0000000000000000E+00,   0.0000000000000000E+00,   0.0000000000000000E+00,   0.0000000000000000E+00,   0.0000000000000000E+00,   0.0000000000000000E+00,   0.0000000000000000E+00,   0.0000000000000000E+00,   0.0000000000000000E+00,   0.0000000000000000E+00,   0.3962839177177249E+03
T03_D02,   0.0000000000000000E+00,   0.0000000000000000E+00,   0.0000000000000000E+00,   0.0000000000000000E+00,   0.0000000000000000E+00,   0.0000000000000000E+00,   0.0000000000000000E+00,   0.0000000000000000E+00,   0.0000000000000000E+00,   0.0000000000000000E+00,   0.0000000000000000E+00,   0.0000000000000000E+00,   0.0000000000000000E+00,   0.0000000000000000E+00,   0.0000000000000000E+00,   0.0000000000000000E+00,   0.0000000000000000E+00,   0.0000000000000000E+00,   0.0000000000000000E+00,   0.0000000000000000E+00,   0.0000000000000000E+00,   0.0000000000000000E+00,   0.0000000000000000E+00,   0.0000000000000000E+00,   0.3962839177177249E+03
T04_D02,   0.0000000000000000E+00,   0.0000000000000000E+00,   0.0000000000000000E+00,   0.0000000000000000E+00,   0.0000000000000000E+00,   0.0000000000000000E+00,   0.0000000000000000E+00,   0.0000000000000000E+00,   0.0000000000000000E+00,   0.0000000000000000E+00,   0.0000000000000000E+00,   0.0000000000000000E+00,   0.0000000000000000E+00,   0.0000000000000000E+00,   0.0000000000000000E+00,   0.0000000000000000E+00,   0.0000000000000000E+00,   0.0000000000000000E+00,   0.0000000000000000E+00,   0.0000000000000000E+00,   0.0000000000000000E+00,   0.0000000000000000E+00,   0.0000000000000000E+00,   0.0000000000000000E+00,   0.3962839177177249E+03
T05_D02,   0.0000000000000000E+00,   0.0000000000000000E+00,   0.0000000000000000E+00,   0.0000000000000000E+00,   0.0000000000000000E+00,   0.0000000000000000E+00,   0.0000000000000000E+00,   0.0000000000000000E+00,   0.0000000000000000E+00,   0.0000000000000000E+00,   0.0000000000000000E+00,   0.0000000000000000E+00,   0.0000000000000000E+00,   0.0000000000000000E+00,   0.0000000000000000E+00,   0.0000000000000000E+00,   0.0000000000000000E+00,   0.0000000000000000E+00,   0.0000000000000000E+00,   0.0000000000000000E+00,   0.0000000000000000E+00,   0.0000000000000000E+00,   0.0000000000000000E+00,   0.0000000000000000E+00,   0.3962839177177249E+03
T06_D02,   0.0000000000000000E+00,   0.0000000000000000E+00,   0.0000000000000000E+00,   0.0000000000000000E+00,   0.0000000000000000E+00,   0.0000000000000000E+00,   0.0000000000000000E+00,   0.0000000000000000E+00,   0.0000000000000000E+00,   0.0000000000000000E+00,   0.0000000000000000E+00,   0.0000000000000000E+00,   0.0000000000000000E+00,   0.0000000000000000E+00,   0.0000000000000000E+00,   0.0000000000000000E+00,   0.0000000000000000E+00,   0.0000000000000000E+00,   0.0000000000000000E+00,   0.0000000000000000E+00,   0.0000000000000000E+00,   0.0000000000000000E+00,   0.0000000000000000E+00,   0.0000000000000000E+00,   0.3962839177177249E+03
T07_D02,   0.0000000000000000E+00,   0.0000000000000000E+00,   0.0000000000000000E+00,   0.0000000000000000E+00,   0.0000000000000000E+00,   0.0000000000000000E+00,   0.0000000000000000E+00,   0.0000000000000000E+00,   0.0000000000000000E+00,   0.0000000000000000E+00,   0.0000000000000000E+00,   0.0000000000000000E+00,   0.0000000000000000E+00,   0.0000000000000000E+00,   0.0000000000000000E+00,   0.0000000000000000E+00,   0.0000000000000000E+00,   0.0000000000000000E+00,   0.0000000000000000E+00,   0.0000000000000000E+00,   0.0000000000000000E+00,   0.0000000000000000E+00,   0.0000000000000000E+00,   0.0000000000000000E+00,   0.3962839177177249E+03
T08_D02,   0.0000000000000000E+00,   0.0000000000000000E+00,   0.0000000000000000E+00,   0.0000000000000000E+00,   0.0000000000000000E+00,   0.0000000000000000E+00,   0.0000000000000000E+00,   0.0000000000000000E+00,   0.0000000000000000E+00,   0.0000000000000000E+00,   0.0000000000000000E+00,   0.0000000000000000E+00,   0.0000000000000000E+00,   0.0000000000000000E+00,   0.0000000000000000E+00,   0.0000000000000000E+00,   0.0000000000000000E+00,   0.0000000000000000E+00,   0.0000000000000000E+00,   0.0000000000000000E+00,   0.0000000000000000E+00,   0.0000000000000000E+00,   0.0000000000000000E+00,   0.0000000000000000E+00,   0.3962839177177249E+03
T09_D02,   0.0000000000000000E+00,   0.0000000000000000E+00,   0.0000000000000000E+00,   0.0000000000000000E+00,   0.0000000000000000E+00,   0.0000000000000000E+00,   0.0000000000000000E+00,   0.0000000000000000E+00,   0.0000000000000000E+00,   0.0000000000000000E+00,   0.0000000000000000E+00,   0.0000000000000000E+00,   0.0000000000000000E+00,   0.0000000000000000E+00,   0.0000000000000000E+00,   0.0000000000000000E+00,   0.0000000000000000E+00,   0.0000000000000000E+00,   0.0000000000000000E+00,   0.0000000000000000E+00,   0.0000000000000000E+00,   0.0000000000000000E+00,   0.0000000000000000E+00,   0.0000000000000000E+00,   0.3962839177177249E+03
T10_D02,   0.0000000000000000E+00,   0.0000000000000000E+00,   0.0000000000000000E+00,   0.0000000000000000E+00,   0.0000000000000000E+00,   0.0000000000000000E+00,   0.0000000000000000E+00,   0.0000000000000000E+00,   0.0000000000000000E+00,   0.0000000000000000E+00,   0.0000000000000000E+00,   0.0000000000000000E+00,   0.0000000000000000E+00,   0.0000000000000000E+00,   0.0000000000000000E+00,   0.0000000000000000E+00,   0.0000000000000000E+00,   0.0000000000000000E+00,   0.0000000000000000E+00,   0.0000000000000000E+00,   0.0000000000000000E+00,   0.0000000000000000E+00,   0.0000000000000000E+00,   0.0000000000000000E+00,   0.3962839177177249E+03
T11_D02,   0.0000000000000000E+00,   0.0000000000000000E+00,   0.0000000000000000E+00,   0.0000000000000000E+00,   0.0000000000000000E+00,   0.0000000000000000E+00,   0.0000000000000000E+00,   0.0000000000000000E+00,   0.0000000000000000E+00,   0.0000000000000000E+00,   0.0000000000000000E+00,   0.0000000000000000E+00,   0.0000000000000000E+00,   0.0000000000000000E+00,   0.0000000000000000E+00,   0.0000000000000000E+00,   0.0000000000000000E+00,   0.0000000000000000E+00,   0.0000000000000000E+00,   0.0000000000000000E+00,   0.0000000000000000E+00,   0.0000000000000000E+00,   0.0000000000000000E+00,   0.0000000000000000E+00,   0.3962839177177249E+03
T12_D02,   0.0000000000000000E+00,   0.0000000000000000E+00,   0.0000000000000000E+00,   0.0000000000000000E+00,   0.0000000000000000E+00,   0.0000000000000000E+00,   0.0000000000000000E+00,   0.0000000000000000E+00,   0.0000000000000000E+00,   0.0000000000000000E+00,   0.0000000000000000E+00,   0.0000000000000000E+00,   0.0000000000000000E+00,   0.0000000000000000E+00,   0.0000000000000000E+00,   0.0000000000000000E+00,   0.0000000000000000E+00,   0.0000000000000000E+00,   0.0000000000000000E+00,   0.0000000000000000E+00,   0.0000000000000000E+00,   0.0000000000000000E+00,   0.0000000000000000E+00,   0.0000000000000000E+00,   0.3962839177177249E+03
T13_D02,   0.0000000000000000E+00,   0.0000000000000000E+00,   0.0000000000000000E+00,   0.0000000000000000E+00,   0.0000000000000000E+00,   0.0000000000000000E+00,   0.0000000000000000E+00,   0.0000000000000000E+00,   0.0000000000000000E+00,   0.0000000000000000E+00,   0.0000000000000000E+00,   0.0000000000000000E+00,   0.0000000000000000E+00,   0.0000000000000000E+00,   0.0000000000000000E+00,   0.0000000000000000E+00,   0.0000000000000000E+00,   0.0000000000000000E+00,   0.0000000000000000E+00,   0.0000000000000000E+00,   0.0000000000000000E+00,   0.0000000000000000E+00,   0.0000000000000000E+00,   0.0000000000000000E+00,   0.3962839177177249E+03
T14_D02,   0.0000000000000000E+00,   0.0000000000000000E+00,   0.0000000000000000E+00,   0.0000000000000000E+00,   0.0000000000000000E+00,   0.0000000000000000E+00,   0.0000000000000000E+00,   0.0000000000000000E+00,   0.0000000000000000E+00,   0.0000000000000000E+00,   0.0000000000000000E+00,   0.0000000000000000E+00,   0.0000000000000000E+00,   0.0000000000000000E+00,   0.0000000000000000E+00,   0.0000000000000000E+00,   0.0000000000000000E+00,   0.0000000000000000E+00,   0.0000000000000000E+00,   0.0000000000000000E+00,   0.0000000000000000E+00,   0.0000000000000000E+00,   0.0000000000000000E+00,   0.0000000000000000E+00,   0.3962839177177249E+03
T15_D02,   0.0000000000000000E+00,   0.0000000000000000E+00,   0.0000000000000000E+00,   0.0000000000000000E+00,   0.0000000000000000E+00,   0.0000000000000000E+00,   0.0000000000000000E+00,   0.0000000000000000E+00,   0.0000000000000000E+00,   0.0000000000000000E+00,   0.0000000000000000E+00,   0.0000000000000000E+00,   0.0000000000000000E+00,   0.0000000000000000E+00,   0.0000000000000000E+00,   0.0000000000000000E+00,   0.0000000000000000E+00,   0.0000000000000000E+00,   0.0000000000000000E+00,   0.0000000000000000E+00,   0.0000000000000000E+00,   0.0000000000000000E+00,   0.0000000000000000E+00,   0.0000000000000000E+00,   0.3962839177177249E+03
T16_D02,   0.0000000000000000E+00,   0.0000000000000000E+00,   0.0000000000000000E+00,   0.0000000000000000E+00,   0.0000000000000000E+00,   0.0000000000000000E+00,   0.0000000000000000E+00,   0.0000000000000000E+00,   0.0000000000000000E+00,   0.0000000000000000E+00,   0.0000000000000000E+00,   0.0000000000000000E+00,   0.0000000000000000E+00,   0.0000000000000000E+00,   0.0000000000000000E+00,   0.0000000000000000E+00,   0.0000000000000000E+00,   0.0000000000000000E+00,   0.0000000000000000E+00,   0.0000000000000000E+00,   0.0000000000000000E+00,   0.0000000000000000E+00,   0.0000000000000000E+00,   0.0000000000000000E+00,   0.3962839177177249E+03
T17_D02,   0.0000000000000000E+00,   0.0000000000000000E+00,   0.0000000000000000E+00,   0.0000000000000000E+00,   0.0000000000000000E+00,   0.0000000000000000E+00,   0.0000000000000000E+00,   0.0000000000000000E+00,   0.0000000000000000E+00,   0.0000000000000000E+00,   0.0000000000000000E+00,   0.0000000000000000E+00,   0.0000000000000000E+00,   0.0000000000000000E+00,   0.0000000000000000E+00,   0.0000000000000000E+00,   0.0000000000000000E+00,   0.0000000000000000E+00,   0.0000000000000000E+00,   0.0000000000000000E+00,   0.0000000000000000E+00,   0.0000000000000000E+00,   0.0000000000000000E+00,   0.0000000000000000E+00,   0.3962839177177249E+03
T18_D02,   0.0000000000000000E+00,   0.0000000000000000E+00,   0.0000000000000000E+00,   0.0000000000000000E+00,   0.0000000000000000E+00,   0.0000000000000000E+00,   0.0000000000000000E+00,   0.0000000000000000E+00,   0.0000000000000000E+00,   0.0000000000000000E+00,   0.0000000000000000E+00,   0.0000000000000000E+00,   0.0000000000000000E+00,   0.0000000000000000E+00,   0.0000000000000000E+00,   0.0000000000000000E+00,   0.0000000000000000E+00,   0.0000000000000000E+00,   0.0000000000000000E+00,   0.0000000000000000E+00,   0.0000000000000000E+00,   0.0000000000000000E+00,   0.0000000000000000E+00,   0.0000000000000000E+00,   0.3962839177177249E+03
T19_D02,   0.0000000000000000E+00,   0.0000000000000000E+00,   0.0000000000000000E+00,   0.0000000000000000E+00,   0.0000000000000000E+00,   0.0000000000000000E+00,   0.0000000000000000E+00,   0.0000000000000000E+00,   0.0000000000000000E+00,   0.0000000000000000E+00,   0.0000000000000000E+00,   0.0000000000000000E+00,   0.0000000000000000E+00,   0.0000000000000000E+00,   0.0000000000000000E+00,   0.0000000000000000E+00,   0.0000000000000000E+00,   0.0000000000000000E+00,   0.0000000000000000E+00,   0.0000000000000000E+00,   0.0000000000000000E+00,   0.0000000000000000E+00,   0.0000000000000000E+00,   0.0000000000000000E+00,   0.3962839177177249E+03
T20_D02,   0.0000000000000000E+00,   0.0000000000000000E+00,   0.0000000000000000E+00,   0.0000000000000000E+00,   0.0000000000000000E+00,   0.0000000000000000E+00,   0.0000000000000000E+00,   0.0000000000000000E+00,   0.0000000000000000E+00,   0.0000000000000000E+00,   0.0000000000000000E+00,   0.0000000000000000E+00,   0.0000000000000000E+00,   0.0000000000000000E+00,   0.0000000000000000E+00,   0.0000000000000000E+00,   0.0000000000000000E+00,   0.0000000000000000E+00,   0.0000000000000000E+00,   0.0000000000000000E+00,   0.0000000000000000E+00,   0.0000000000000000E+00,   0.0000000000000000E+00,   0.0000000000000000E+00,   0.3962839177177249E+03
T21_D02,   0.0000000000000000E+00,   0.0000000000000000E+00,   0.0000000000000000E+00,   0.0000000000000000E+00,   0.0000000000000000E+00,   0.0000000000000000E+00,   0.0000000000000000E+00,   0.0000000000000000E+00,   0.0000000000000000E+00,   0.0000000000000000E+00,   0.0000000000000000E+00,   0.0000000000000000E+00,   0.0000000000000000E+00,   0.0000000000000000E+00,   0.0000000000000000E+00,   0.0000000000000000E+00,   0.0000000000000000E+00,   0.0000000000000000E+00,   0.0000000000000000E+00,   0.0000000000000000E+00,   0.0000000000000000E+00,   0.0000000000000000E+00,   0.0000000000000000E+00,   0.0000000000000000E+00,   0.3962839177177249E+03
T22_D02,   0.0000000000000000E+00,   0.0000000000000000E+00,   0.0000000000000000E+00,   0.0000000000000000E+00,   0.0000000000000000E+00,   0.0000000000000000E+00,   0.0000000000000000E+00,   0.0000000000000000E+00,   0.0000000000000000E+00,   0.0000000000000000E+00,   0.0000000000000000E+00,   0.0000000000000000E+00,   0.0000000000000000E+00,   0.0000000000000000E+00,   0.0000000000000000E+00,   0.0000000000000000E+00,   0.0000000000000000E+00,   0.0000000000000000E+00,   0.0000000000000000E+00,   0.0000000000000000E+00,   0.0000000000000000E+00,   0.0000000000000000E+00,   0.0000000000000000E+00,   0.0000000000000000E+00,   0.3962839177177249E+03
T23_D02,   0.0000000000000000E+00,   0.0000000000000000E+00,   0.0000000000000000E+00,   0.0000000000000000E+00,   0.0000000000000000E+00,   0.0000000000000000E+00,   0.0000000000000000E+00,   0.0000000000000000E+00,   0.0000000000000000E+00,   0.0000000000000000E+00,   0.0000000000000000E+00,   0.0000000000000000E+00,   0.0000000000000000E+00,   0.0000000000000000E+00,   0.0000000000000000E+00,   0.0000000000000000E+00,   0.0000000000000000E+00,   0.0000000000000000E+00,   0.0000000000000000E+00,   0.0000000000000000E+00,   0.0000000000000000E+00,   0.0000000000000000E+00,   0.0000000000000000E+00,   0.0000000000000000E+00,   0.3962839177177249E+03
T24_D02,   0.0000000000000000E+00,   0.0000000000000000E+00,   0.0000000000000000E+00,   0.0000000000000000E+00,   0.0000000000000000E+00,   0.0000000000000000E+00,   0.0000000000000000E+00,   0.0000000000000000E+00,   0.0000000000000000E+00,   0.0000000000000000E+00,   0.0000000000000000E+00,   0.0000000000000000E+00,   0.0000000000000000E+00,   0.0000000000000000E+00,   0.0000000000000000E+00,   0.0000000000000000E+00,   0.0000000000000000E+00,   0.0000000000000000E+00,   0.0000000000000000E+00,   0.0000000000000000E+00,   0.0000000000000000E+00,   0.0000000000000000E+00,   0.0000000000000000E+00,   0.0000000000000000E+00,   0.3962839177177249E+03
