Run name : Karym_202111051800_obs2                                                                             
Location : Karymsky                                                                                            
Start Time : 03/11/2021 00:00 UTC     
Number of heights : 12
Number of times per day : 24
Number of days :  3
Base height :       1486.0
Height change :       2000.0
   time,          bestval_001    ,          bestval_002    ,          bestval_003    ,          bestval_004    ,          bestval_005    ,          bestval_006    ,          bestval_007    ,          bestval_008    ,          bestval_009    ,          bestval_010    ,          bestval_011    ,          bestval_012    ,          stdev_001      ,          stdev_002      ,          stdev_003      ,          stdev_004      ,          stdev_005      ,          stdev_006      ,          stdev_007      ,          stdev_008      ,          stdev_009      ,          stdev_010      ,          stdev_011      ,          stdev_012      ,          best_score     
T01_D01,   0.0000000000000000E+00,   0.0000000000000000E+00,   0.0000000000000000E+00,   0.0000000000000000E+00,   0.0000000000000000E+00,   0.0000000000000000E+00,   0.0000000000000000E+00,   0.0000000000000000E+00,   0.0000000000000000E+00,   0.0000000000000000E+00,   0.0000000000000000E+00,   0.0000000000000000E+00,   0.0000000000000000E+00,   0.0000000000000000E+00,   0.0000000000000000E+00,   0.0000000000000000E+00,   0.0000000000000000E+00,   0.0000000000000000E+00,   0.0000000000000000E+00,   0.0000000000000000E+00,   0.0000000000000000E+00,   0.0000000000000000E+00,   0.0000000000000000E+00,   0.0000000000000000E+00,   0.6415377271886117E+03
T02_D01,   0.0000000000000000E+00,   0.0000000000000000E+00,   0.0000000000000000E+00,   0.0000000000000000E+00,   0.0000000000000000E+00,   0.0000000000000000E+00,   0.0000000000000000E+00,   0.0000000000000000E+00,   0.0000000000000000E+00,   0.0000000000000000E+00,   0.0000000000000000E+00,   0.0000000000000000E+00,   0.0000000000000000E+00,   0.0000000000000000E+00,   0.0000000000000000E+00,   0.0000000000000000E+00,   0.0000000000000000E+00,   0.0000000000000000E+00,   0.0000000000000000E+00,   0.0000000000000000E+00,   0.0000000000000000E+00,   0.0000000000000000E+00,   0.0000000000000000E+00,   0.0000000000000000E+00,   0.6415377271886117E+03
T03_D01,   0.0000000000000000E+00,   0.0000000000000000E+00,   0.0000000000000000E+00,   0.0000000000000000E+00,   0.0000000000000000E+00,   0.0000000000000000E+00,   0.0000000000000000E+00,   0.0000000000000000E+00,   0.0000000000000000E+00,   0.0000000000000000E+00,   0.0000000000000000E+00,   0.0000000000000000E+00,   0.0000000000000000E+00,   0.0000000000000000E+00,   0.0000000000000000E+00,   0.0000000000000000E+00,   0.0000000000000000E+00,   0.0000000000000000E+00,   0.0000000000000000E+00,   0.0000000000000000E+00,   0.0000000000000000E+00,   0.0000000000000000E+00,   0.0000000000000000E+00,   0.0000000000000000E+00,   0.6415377271886117E+03
T04_D01,   0.0000000000000000E+00,   0.0000000000000000E+00,   0.0000000000000000E+00,   0.0000000000000000E+00,   0.0000000000000000E+00,   0.0000000000000000E+00,   0.0000000000000000E+00,   0.0000000000000000E+00,   0.0000000000000000E+00,   0.0000000000000000E+00,   0.0000000000000000E+00,   0.0000000000000000E+00,   0.0000000000000000E+00,   0.0000000000000000E+00,   0.0000000000000000E+00,   0.0000000000000000E+00,   0.0000000000000000E+00,   0.0000000000000000E+00,   0.0000000000000000E+00,   0.0000000000000000E+00,   0.0000000000000000E+00,   0.0000000000000000E+00,   0.0000000000000000E+00,   0.0000000000000000E+00,   0.6415377271886117E+03
T05_D01,   0.0000000000000000E+00,   0.0000000000000000E+00,   0.0000000000000000E+00,   0.0000000000000000E+00,   0.0000000000000000E+00,   0.0000000000000000E+00,   0.0000000000000000E+00,   0.0000000000000000E+00,   0.0000000000000000E+00,   0.0000000000000000E+00,   0.0000000000000000E+00,   0.0000000000000000E+00,   0.0000000000000000E+00,   0.0000000000000000E+00,   0.0000000000000000E+00,   0.0000000000000000E+00,   0.0000000000000000E+00,   0.0000000000000000E+00,   0.0000000000000000E+00,   0.0000000000000000E+00,   0.0000000000000000E+00,   0.0000000000000000E+00,   0.0000000000000000E+00,   0.0000000000000000E+00,   0.6415377271886117E+03
T06_D01,   0.0000000000000000E+00,   0.0000000000000000E+00,   0.0000000000000000E+00,   0.0000000000000000E+00,   0.0000000000000000E+00,   0.0000000000000000E+00,   0.0000000000000000E+00,   0.0000000000000000E+00,   0.0000000000000000E+00,   0.0000000000000000E+00,   0.0000000000000000E+00,   0.0000000000000000E+00,   0.0000000000000000E+00,   0.0000000000000000E+00,   0.0000000000000000E+00,   0.0000000000000000E+00,   0.0000000000000000E+00,   0.0000000000000000E+00,   0.0000000000000000E+00,   0.0000000000000000E+00,   0.0000000000000000E+00,   0.0000000000000000E+00,   0.0000000000000000E+00,   0.0000000000000000E+00,   0.6415377271886117E+03
T07_D01,   0.0000000000000000E+00,   0.0000000000000000E+00,   0.0000000000000000E+00,   0.0000000000000000E+00,   0.0000000000000000E+00,   0.0000000000000000E+00,   0.0000000000000000E+00,   0.0000000000000000E+00,   0.0000000000000000E+00,   0.0000000000000000E+00,   0.0000000000000000E+00,   0.0000000000000000E+00,   0.0000000000000000E+00,   0.0000000000000000E+00,   0.0000000000000000E+00,   0.0000000000000000E+00,   0.0000000000000000E+00,   0.0000000000000000E+00,   0.0000000000000000E+00,   0.0000000000000000E+00,   0.0000000000000000E+00,   0.0000000000000000E+00,   0.0000000000000000E+00,   0.0000000000000000E+00,   0.6415377271886117E+03
T08_D01,   0.0000000000000000E+00,   0.4158431546329208E+07,   0.1560890760945288E+07,   0.1021960473256359E+06,   0.0000000000000000E+00,   0.3672370286367587E+02,   0.0000000000000000E+00,   0.0000000000000000E+00,   0.0000000000000000E+00,   0.0000000000000000E+00,   0.0000000000000000E+00,   0.0000000000000000E+00,   0.9951106813868643E+06,   0.1090876224777590E+07,   0.7318226364999870E+06,   0.4265589587669390E+06,   0.3695681988189959E+06,   0.1342464087664466E+06,   0.0000000000000000E+00,   0.0000000000000000E+00,   0.0000000000000000E+00,   0.0000000000000000E+00,   0.0000000000000000E+00,   0.0000000000000000E+00,   0.6415377271886117E+03
T09_D01,   0.0000000000000000E+00,   0.2875507792462725E+07,   0.1339639096483548E+07,   0.2007735006704529E+07,   0.0000000000000000E+00,   0.0000000000000000E+00,   0.0000000000000000E+00,   0.0000000000000000E+00,   0.0000000000000000E+00,   0.0000000000000000E+00,   0.0000000000000000E+00,   0.0000000000000000E+00,   0.1288190761788267E+07,   0.1734256383662833E+07,   0.8891233518407430E+06,   0.3024588384481244E+06,   0.5476497198553098E+06,   0.1496364212874734E+06,   0.0000000000000000E+00,   0.0000000000000000E+00,   0.0000000000000000E+00,   0.0000000000000000E+00,   0.0000000000000000E+00,   0.0000000000000000E+00,   0.6415377271886117E+03
T10_D01,   0.0000000000000000E+00,   0.3550673515080497E+07,   0.3080605922081899E+07,   0.2202206530745440E+07,   0.0000000000000000E+00,   0.0000000000000000E+00,   0.0000000000000000E+00,   0.0000000000000000E+00,   0.0000000000000000E+00,   0.0000000000000000E+00,   0.0000000000000000E+00,   0.0000000000000000E+00,   0.1792400543224004E+07,   0.2063533761091053E+07,   0.9293572226344693E+06,   0.3355060362462347E+06,   0.7371080596302854E+06,   0.1614109871786554E+06,   0.0000000000000000E+00,   0.0000000000000000E+00,   0.0000000000000000E+00,   0.0000000000000000E+00,   0.0000000000000000E+00,   0.0000000000000000E+00,   0.6415377271886117E+03
T11_D01,   0.1041404536828234E+06,   0.3023403214661282E+07,   0.0000000000000000E+00,   0.1766306657408790E+06,   0.7706426156667685E+06,   0.0000000000000000E+00,   0.0000000000000000E+00,   0.0000000000000000E+00,   0.0000000000000000E+00,   0.0000000000000000E+00,   0.0000000000000000E+00,   0.0000000000000000E+00,   0.2068034499976704E+07,   0.2000145144732704E+07,   0.6657239055341643E+06,   0.4055629387839288E+06,   0.1052538211580022E+07,   0.2014800806823152E+06,   0.0000000000000000E+00,   0.0000000000000000E+00,   0.0000000000000000E+00,   0.0000000000000000E+00,   0.0000000000000000E+00,   0.0000000000000000E+00,   0.6415377271886117E+03
T12_D01,   0.0000000000000000E+00,   0.2556830918129787E+06,   0.0000000000000000E+00,   0.3983274093476214E+05,   0.0000000000000000E+00,   0.0000000000000000E+00,   0.0000000000000000E+00,   0.0000000000000000E+00,   0.0000000000000000E+00,   0.0000000000000000E+00,   0.0000000000000000E+00,   0.0000000000000000E+00,   0.1549239784573337E+07,   0.1999036235874988E+07,   0.3384019302994779E+06,   0.2662748796779610E+06,   0.8473511675513790E+06,   0.2583570012828217E+06,   0.0000000000000000E+00,   0.0000000000000000E+00,   0.0000000000000000E+00,   0.0000000000000000E+00,   0.0000000000000000E+00,   0.0000000000000000E+00,   0.6415377271886117E+03
T13_D01,   0.0000000000000000E+00,   0.0000000000000000E+00,   0.0000000000000000E+00,   0.3238129166488522E+05,   0.0000000000000000E+00,   0.5163491125205655E+05,   0.0000000000000000E+00,   0.0000000000000000E+00,   0.0000000000000000E+00,   0.0000000000000000E+00,   0.0000000000000000E+00,   0.0000000000000000E+00,   0.7766348109004331E+06,   0.1414367290711734E+07,   0.1721580758532484E+06,   0.1903398486536304E+06,   0.4649598229840531E+06,   0.3095593273841881E+06,   0.0000000000000000E+00,   0.0000000000000000E+00,   0.0000000000000000E+00,   0.0000000000000000E+00,   0.0000000000000000E+00,   0.0000000000000000E+00,   0.6415377271886117E+03
T14_D01,   0.0000000000000000E+00,   0.0000000000000000E+00,   0.0000000000000000E+00,   0.0000000000000000E+00,   0.0000000000000000E+00,   0.0000000000000000E+00,   0.0000000000000000E+00,   0.0000000000000000E+00,   0.0000000000000000E+00,   0.0000000000000000E+00,   0.0000000000000000E+00,   0.0000000000000000E+00,   0.0000000000000000E+00,   0.0000000000000000E+00,   0.0000000000000000E+00,   0.0000000000000000E+00,   0.0000000000000000E+00,   0.0000000000000000E+00,   0.0000000000000000E+00,   0.0000000000000000E+00,   0.0000000000000000E+00,   0.0000000000000000E+00,   0.0000000000000000E+00,   0.0000000000000000E+00,   0.6415377271886117E+03
T15_D01,   0.0000000000000000E+00,   0.0000000000000000E+00,   0.0000000000000000E+00,   0.0000000000000000E+00,   0.0000000000000000E+00,   0.0000000000000000E+00,   0.0000000000000000E+00,   0.0000000000000000E+00,   0.0000000000000000E+00,   0.0000000000000000E+00,   0.0000000000000000E+00,   0.0000000000000000E+00,   0.0000000000000000E+00,   0.0000000000000000E+00,   0.0000000000000000E+00,   0.0000000000000000E+00,   0.0000000000000000E+00,   0.0000000000000000E+00,   0.0000000000000000E+00,   0.0000000000000000E+00,   0.0000000000000000E+00,   0.0000000000000000E+00,   0.0000000000000000E+00,   0.0000000000000000E+00,   0.6415377271886117E+03
T16_D01,   0.0000000000000000E+00,   0.0000000000000000E+00,   0.0000000000000000E+00,   0.0000000000000000E+00,   0.0000000000000000E+00,   0.0000000000000000E+00,   0.0000000000000000E+00,   0.0000000000000000E+00,   0.0000000000000000E+00,   0.0000000000000000E+00,   0.0000000000000000E+00,   0.0000000000000000E+00,   0.0000000000000000E+00,   0.0000000000000000E+00,   0.0000000000000000E+00,   0.0000000000000000E+00,   0.0000000000000000E+00,   0.0000000000000000E+00,   0.0000000000000000E+00,   0.0000000000000000E+00,   0.0000000000000000E+00,   0.0000000000000000E+00,   0.0000000000000000E+00,   0.0000000000000000E+00,   0.6415377271886117E+03
T17_D01,   0.0000000000000000E+00,   0.0000000000000000E+00,   0.0000000000000000E+00,   0.0000000000000000E+00,   0.0000000000000000E+00,   0.0000000000000000E+00,   0.0000000000000000E+00,   0.0000000000000000E+00,   0.0000000000000000E+00,   0.0000000000000000E+00,   0.0000000000000000E+00,   0.0000000000000000E+00,   0.0000000000000000E+00,   0.0000000000000000E+00,   0.0000000000000000E+00,   0.0000000000000000E+00,   0.0000000000000000E+00,   0.0000000000000000E+00,   0.0000000000000000E+00,   0.0000000000000000E+00,   0.0000000000000000E+00,   0.0000000000000000E+00,   0.0000000000000000E+00,   0.0000000000000000E+00,   0.6415377271886117E+03
T18_D01,   0.0000000000000000E+00,   0.0000000000000000E+00,   0.0000000000000000E+00,   0.0000000000000000E+00,   0.0000000000000000E+00,   0.0000000000000000E+00,   0.0000000000000000E+00,   0.0000000000000000E+00,   0.0000000000000000E+00,   0.0000000000000000E+00,   0.0000000000000000E+00,   0.0000000000000000E+00,   0.0000000000000000E+00,   0.0000000000000000E+00,   0.0000000000000000E+00,   0.0000000000000000E+00,   0.0000000000000000E+00,   0.0000000000000000E+00,   0.0000000000000000E+00,   0.0000000000000000E+00,   0.0000000000000000E+00,   0.0000000000000000E+00,   0.0000000000000000E+00,   0.0000000000000000E+00,   0.6415377271886117E+03
T19_D01,   0.0000000000000000E+00,   0.0000000000000000E+00,   0.0000000000000000E+00,   0.0000000000000000E+00,   0.0000000000000000E+00,   0.0000000000000000E+00,   0.0000000000000000E+00,   0.0000000000000000E+00,   0.0000000000000000E+00,   0.0000000000000000E+00,   0.0000000000000000E+00,   0.0000000000000000E+00,   0.0000000000000000E+00,   0.0000000000000000E+00,   0.0000000000000000E+00,   0.0000000000000000E+00,   0.0000000000000000E+00,   0.0000000000000000E+00,   0.0000000000000000E+00,   0.0000000000000000E+00,   0.0000000000000000E+00,   0.0000000000000000E+00,   0.0000000000000000E+00,   0.0000000000000000E+00,   0.6415377271886117E+03
T20_D01,   0.0000000000000000E+00,   0.0000000000000000E+00,   0.0000000000000000E+00,   0.0000000000000000E+00,   0.0000000000000000E+00,   0.0000000000000000E+00,   0.0000000000000000E+00,   0.0000000000000000E+00,   0.0000000000000000E+00,   0.0000000000000000E+00,   0.0000000000000000E+00,   0.0000000000000000E+00,   0.0000000000000000E+00,   0.0000000000000000E+00,   0.0000000000000000E+00,   0.0000000000000000E+00,   0.0000000000000000E+00,   0.0000000000000000E+00,   0.0000000000000000E+00,   0.0000000000000000E+00,   0.0000000000000000E+00,   0.0000000000000000E+00,   0.0000000000000000E+00,   0.0000000000000000E+00,   0.6415377271886117E+03
T21_D01,   0.0000000000000000E+00,   0.0000000000000000E+00,   0.0000000000000000E+00,   0.0000000000000000E+00,   0.0000000000000000E+00,   0.0000000000000000E+00,   0.0000000000000000E+00,   0.0000000000000000E+00,   0.0000000000000000E+00,   0.0000000000000000E+00,   0.0000000000000000E+00,   0.0000000000000000E+00,   0.0000000000000000E+00,   0.0000000000000000E+00,   0.0000000000000000E+00,   0.0000000000000000E+00,   0.0000000000000000E+00,   0.0000000000000000E+00,   0.0000000000000000E+00,   0.0000000000000000E+00,   0.0000000000000000E+00,   0.0000000000000000E+00,   0.0000000000000000E+00,   0.0000000000000000E+00,   0.6415377271886117E+03
T22_D01,   0.0000000000000000E+00,   0.0000000000000000E+00,   0.0000000000000000E+00,   0.0000000000000000E+00,   0.0000000000000000E+00,   0.0000000000000000E+00,   0.0000000000000000E+00,   0.0000000000000000E+00,   0.0000000000000000E+00,   0.0000000000000000E+00,   0.0000000000000000E+00,   0.0000000000000000E+00,   0.0000000000000000E+00,   0.0000000000000000E+00,   0.0000000000000000E+00,   0.0000000000000000E+00,   0.0000000000000000E+00,   0.0000000000000000E+00,   0.0000000000000000E+00,   0.0000000000000000E+00,   0.0000000000000000E+00,   0.0000000000000000E+00,   0.0000000000000000E+00,   0.0000000000000000E+00,   0.6415377271886117E+03
T23_D01,   0.0000000000000000E+00,   0.0000000000000000E+00,   0.0000000000000000E+00,   0.0000000000000000E+00,   0.0000000000000000E+00,   0.0000000000000000E+00,   0.0000000000000000E+00,   0.0000000000000000E+00,   0.0000000000000000E+00,   0.0000000000000000E+00,   0.0000000000000000E+00,   0.0000000000000000E+00,   0.0000000000000000E+00,   0.0000000000000000E+00,   0.0000000000000000E+00,   0.0000000000000000E+00,   0.0000000000000000E+00,   0.0000000000000000E+00,   0.0000000000000000E+00,   0.0000000000000000E+00,   0.0000000000000000E+00,   0.0000000000000000E+00,   0.0000000000000000E+00,   0.0000000000000000E+00,   0.6415377271886117E+03
T24_D01,   0.0000000000000000E+00,   0.0000000000000000E+00,   0.0000000000000000E+00,   0.0000000000000000E+00,   0.0000000000000000E+00,   0.0000000000000000E+00,   0.0000000000000000E+00,   0.0000000000000000E+00,   0.0000000000000000E+00,   0.0000000000000000E+00,   0.0000000000000000E+00,   0.0000000000000000E+00,   0.0000000000000000E+00,   0.0000000000000000E+00,   0.0000000000000000E+00,   0.0000000000000000E+00,   0.0000000000000000E+00,   0.0000000000000000E+00,   0.0000000000000000E+00,   0.0000000000000000E+00,   0.0000000000000000E+00,   0.0000000000000000E+00,   0.0000000000000000E+00,   0.0000000000000000E+00,   0.6415377271886117E+03
T01_D02,   0.0000000000000000E+00,   0.0000000000000000E+00,   0.0000000000000000E+00,   0.0000000000000000E+00,   0.0000000000000000E+00,   0.0000000000000000E+00,   0.0000000000000000E+00,   0.0000000000000000E+00,   0.0000000000000000E+00,   0.0000000000000000E+00,   0.0000000000000000E+00,   0.0000000000000000E+00,   0.0000000000000000E+00,   0.0000000000000000E+00,   0.0000000000000000E+00,   0.0000000000000000E+00,   0.0000000000000000E+00,   0.0000000000000000E+00,   0.0000000000000000E+00,   0.0000000000000000E+00,   0.0000000000000000E+00,   0.0000000000000000E+00,   0.0000000000000000E+00,   0.0000000000000000E+00,   0.6415377271886117E+03
T02_D02,   0.0000000000000000E+00,   0.0000000000000000E+00,   0.0000000000000000E+00,   0.0000000000000000E+00,   0.0000000000000000E+00,   0.0000000000000000E+00,   0.0000000000000000E+00,   0.0000000000000000E+00,   0.0000000000000000E+00,   0.0000000000000000E+00,   0.0000000000000000E+00,   0.0000000000000000E+00,   0.0000000000000000E+00,   0.0000000000000000E+00,   0.0000000000000000E+00,   0.0000000000000000E+00,   0.0000000000000000E+00,   0.0000000000000000E+00,   0.0000000000000000E+00,   0.0000000000000000E+00,   0.0000000000000000E+00,   0.0000000000000000E+00,   0.0000000000000000E+00,   0.0000000000000000E+00,   0.6415377271886117E+03
T03_D02,   0.0000000000000000E+00,   0.0000000000000000E+00,   0.0000000000000000E+00,   0.0000000000000000E+00,   0.0000000000000000E+00,   0.0000000000000000E+00,   0.0000000000000000E+00,   0.0000000000000000E+00,   0.0000000000000000E+00,   0.0000000000000000E+00,   0.0000000000000000E+00,   0.0000000000000000E+00,   0.0000000000000000E+00,   0.0000000000000000E+00,   0.0000000000000000E+00,   0.0000000000000000E+00,   0.0000000000000000E+00,   0.0000000000000000E+00,   0.0000000000000000E+00,   0.0000000000000000E+00,   0.0000000000000000E+00,   0.0000000000000000E+00,   0.0000000000000000E+00,   0.0000000000000000E+00,   0.6415377271886117E+03
T04_D02,   0.0000000000000000E+00,   0.0000000000000000E+00,   0.0000000000000000E+00,   0.0000000000000000E+00,   0.0000000000000000E+00,   0.0000000000000000E+00,   0.0000000000000000E+00,   0.0000000000000000E+00,   0.0000000000000000E+00,   0.0000000000000000E+00,   0.0000000000000000E+00,   0.0000000000000000E+00,   0.0000000000000000E+00,   0.0000000000000000E+00,   0.0000000000000000E+00,   0.0000000000000000E+00,   0.0000000000000000E+00,   0.0000000000000000E+00,   0.0000000000000000E+00,   0.0000000000000000E+00,   0.0000000000000000E+00,   0.0000000000000000E+00,   0.0000000000000000E+00,   0.0000000000000000E+00,   0.6415377271886117E+03
T05_D02,   0.0000000000000000E+00,   0.0000000000000000E+00,   0.0000000000000000E+00,   0.0000000000000000E+00,   0.0000000000000000E+00,   0.0000000000000000E+00,   0.0000000000000000E+00,   0.0000000000000000E+00,   0.0000000000000000E+00,   0.0000000000000000E+00,   0.0000000000000000E+00,   0.0000000000000000E+00,   0.0000000000000000E+00,   0.0000000000000000E+00,   0.0000000000000000E+00,   0.0000000000000000E+00,   0.0000000000000000E+00,   0.0000000000000000E+00,   0.0000000000000000E+00,   0.0000000000000000E+00,   0.0000000000000000E+00,   0.0000000000000000E+00,   0.0000000000000000E+00,   0.0000000000000000E+00,   0.6415377271886117E+03
T06_D02,   0.0000000000000000E+00,   0.0000000000000000E+00,   0.0000000000000000E+00,   0.0000000000000000E+00,   0.0000000000000000E+00,   0.0000000000000000E+00,   0.0000000000000000E+00,   0.0000000000000000E+00,   0.0000000000000000E+00,   0.0000000000000000E+00,   0.0000000000000000E+00,   0.0000000000000000E+00,   0.0000000000000000E+00,   0.0000000000000000E+00,   0.0000000000000000E+00,   0.0000000000000000E+00,   0.0000000000000000E+00,   0.0000000000000000E+00,   0.0000000000000000E+00,   0.0000000000000000E+00,   0.0000000000000000E+00,   0.0000000000000000E+00,   0.0000000000000000E+00,   0.0000000000000000E+00,   0.6415377271886117E+03
T07_D02,   0.0000000000000000E+00,   0.0000000000000000E+00,   0.0000000000000000E+00,   0.0000000000000000E+00,   0.0000000000000000E+00,   0.0000000000000000E+00,   0.0000000000000000E+00,   0.0000000000000000E+00,   0.0000000000000000E+00,   0.0000000000000000E+00,   0.0000000000000000E+00,   0.0000000000000000E+00,   0.0000000000000000E+00,   0.0000000000000000E+00,   0.0000000000000000E+00,   0.0000000000000000E+00,   0.0000000000000000E+00,   0.0000000000000000E+00,   0.0000000000000000E+00,   0.0000000000000000E+00,   0.0000000000000000E+00,   0.0000000000000000E+00,   0.0000000000000000E+00,   0.0000000000000000E+00,   0.6415377271886117E+03
T08_D02,   0.0000000000000000E+00,   0.0000000000000000E+00,   0.0000000000000000E+00,   0.0000000000000000E+00,   0.0000000000000000E+00,   0.0000000000000000E+00,   0.0000000000000000E+00,   0.0000000000000000E+00,   0.0000000000000000E+00,   0.0000000000000000E+00,   0.0000000000000000E+00,   0.0000000000000000E+00,   0.0000000000000000E+00,   0.0000000000000000E+00,   0.0000000000000000E+00,   0.0000000000000000E+00,   0.0000000000000000E+00,   0.0000000000000000E+00,   0.0000000000000000E+00,   0.0000000000000000E+00,   0.0000000000000000E+00,   0.0000000000000000E+00,   0.0000000000000000E+00,   0.0000000000000000E+00,   0.6415377271886117E+03
T09_D02,   0.0000000000000000E+00,   0.0000000000000000E+00,   0.0000000000000000E+00,   0.0000000000000000E+00,   0.0000000000000000E+00,   0.0000000000000000E+00,   0.0000000000000000E+00,   0.0000000000000000E+00,   0.0000000000000000E+00,   0.0000000000000000E+00,   0.0000000000000000E+00,   0.0000000000000000E+00,   0.0000000000000000E+00,   0.0000000000000000E+00,   0.0000000000000000E+00,   0.0000000000000000E+00,   0.0000000000000000E+00,   0.0000000000000000E+00,   0.0000000000000000E+00,   0.0000000000000000E+00,   0.0000000000000000E+00,   0.0000000000000000E+00,   0.0000000000000000E+00,   0.0000000000000000E+00,   0.6415377271886117E+03
T10_D02,   0.0000000000000000E+00,   0.0000000000000000E+00,   0.0000000000000000E+00,   0.0000000000000000E+00,   0.0000000000000000E+00,   0.0000000000000000E+00,   0.0000000000000000E+00,   0.0000000000000000E+00,   0.0000000000000000E+00,   0.0000000000000000E+00,   0.0000000000000000E+00,   0.0000000000000000E+00,   0.0000000000000000E+00,   0.0000000000000000E+00,   0.0000000000000000E+00,   0.0000000000000000E+00,   0.0000000000000000E+00,   0.0000000000000000E+00,   0.0000000000000000E+00,   0.0000000000000000E+00,   0.0000000000000000E+00,   0.0000000000000000E+00,   0.0000000000000000E+00,   0.0000000000000000E+00,   0.6415377271886117E+03
T11_D02,   0.0000000000000000E+00,   0.0000000000000000E+00,   0.0000000000000000E+00,   0.0000000000000000E+00,   0.0000000000000000E+00,   0.0000000000000000E+00,   0.0000000000000000E+00,   0.0000000000000000E+00,   0.0000000000000000E+00,   0.0000000000000000E+00,   0.0000000000000000E+00,   0.0000000000000000E+00,   0.0000000000000000E+00,   0.0000000000000000E+00,   0.0000000000000000E+00,   0.0000000000000000E+00,   0.0000000000000000E+00,   0.0000000000000000E+00,   0.0000000000000000E+00,   0.0000000000000000E+00,   0.0000000000000000E+00,   0.0000000000000000E+00,   0.0000000000000000E+00,   0.0000000000000000E+00,   0.6415377271886117E+03
T12_D02,   0.0000000000000000E+00,   0.0000000000000000E+00,   0.0000000000000000E+00,   0.0000000000000000E+00,   0.0000000000000000E+00,   0.0000000000000000E+00,   0.0000000000000000E+00,   0.0000000000000000E+00,   0.0000000000000000E+00,   0.0000000000000000E+00,   0.0000000000000000E+00,   0.0000000000000000E+00,   0.0000000000000000E+00,   0.0000000000000000E+00,   0.0000000000000000E+00,   0.0000000000000000E+00,   0.0000000000000000E+00,   0.0000000000000000E+00,   0.0000000000000000E+00,   0.0000000000000000E+00,   0.0000000000000000E+00,   0.0000000000000000E+00,   0.0000000000000000E+00,   0.0000000000000000E+00,   0.6415377271886117E+03
T13_D02,   0.0000000000000000E+00,   0.0000000000000000E+00,   0.0000000000000000E+00,   0.0000000000000000E+00,   0.0000000000000000E+00,   0.0000000000000000E+00,   0.0000000000000000E+00,   0.0000000000000000E+00,   0.0000000000000000E+00,   0.0000000000000000E+00,   0.0000000000000000E+00,   0.0000000000000000E+00,   0.0000000000000000E+00,   0.0000000000000000E+00,   0.0000000000000000E+00,   0.0000000000000000E+00,   0.0000000000000000E+00,   0.0000000000000000E+00,   0.0000000000000000E+00,   0.0000000000000000E+00,   0.0000000000000000E+00,   0.0000000000000000E+00,   0.0000000000000000E+00,   0.0000000000000000E+00,   0.6415377271886117E+03
T14_D02,   0.0000000000000000E+00,   0.0000000000000000E+00,   0.0000000000000000E+00,   0.0000000000000000E+00,   0.0000000000000000E+00,   0.0000000000000000E+00,   0.0000000000000000E+00,   0.0000000000000000E+00,   0.0000000000000000E+00,   0.0000000000000000E+00,   0.0000000000000000E+00,   0.0000000000000000E+00,   0.0000000000000000E+00,   0.0000000000000000E+00,   0.0000000000000000E+00,   0.0000000000000000E+00,   0.0000000000000000E+00,   0.0000000000000000E+00,   0.0000000000000000E+00,   0.0000000000000000E+00,   0.0000000000000000E+00,   0.0000000000000000E+00,   0.0000000000000000E+00,   0.0000000000000000E+00,   0.6415377271886117E+03
T15_D02,   0.0000000000000000E+00,   0.0000000000000000E+00,   0.0000000000000000E+00,   0.0000000000000000E+00,   0.0000000000000000E+00,   0.0000000000000000E+00,   0.0000000000000000E+00,   0.0000000000000000E+00,   0.0000000000000000E+00,   0.0000000000000000E+00,   0.0000000000000000E+00,   0.0000000000000000E+00,   0.0000000000000000E+00,   0.0000000000000000E+00,   0.0000000000000000E+00,   0.0000000000000000E+00,   0.0000000000000000E+00,   0.0000000000000000E+00,   0.0000000000000000E+00,   0.0000000000000000E+00,   0.0000000000000000E+00,   0.0000000000000000E+00,   0.0000000000000000E+00,   0.0000000000000000E+00,   0.6415377271886117E+03
T16_D02,   0.0000000000000000E+00,   0.0000000000000000E+00,   0.0000000000000000E+00,   0.0000000000000000E+00,   0.0000000000000000E+00,   0.0000000000000000E+00,   0.0000000000000000E+00,   0.0000000000000000E+00,   0.0000000000000000E+00,   0.0000000000000000E+00,   0.0000000000000000E+00,   0.0000000000000000E+00,   0.0000000000000000E+00,   0.0000000000000000E+00,   0.0000000000000000E+00,   0.0000000000000000E+00,   0.0000000000000000E+00,   0.0000000000000000E+00,   0.0000000000000000E+00,   0.0000000000000000E+00,   0.0000000000000000E+00,   0.0000000000000000E+00,   0.0000000000000000E+00,   0.0000000000000000E+00,   0.6415377271886117E+03
T17_D02,   0.0000000000000000E+00,   0.0000000000000000E+00,   0.0000000000000000E+00,   0.0000000000000000E+00,   0.0000000000000000E+00,   0.0000000000000000E+00,   0.0000000000000000E+00,   0.0000000000000000E+00,   0.0000000000000000E+00,   0.0000000000000000E+00,   0.0000000000000000E+00,   0.0000000000000000E+00,   0.0000000000000000E+00,   0.0000000000000000E+00,   0.0000000000000000E+00,   0.0000000000000000E+00,   0.0000000000000000E+00,   0.0000000000000000E+00,   0.0000000000000000E+00,   0.0000000000000000E+00,   0.0000000000000000E+00,   0.0000000000000000E+00,   0.0000000000000000E+00,   0.0000000000000000E+00,   0.6415377271886117E+03
T18_D02,   0.0000000000000000E+00,   0.0000000000000000E+00,   0.0000000000000000E+00,   0.0000000000000000E+00,   0.0000000000000000E+00,   0.0000000000000000E+00,   0.0000000000000000E+00,   0.0000000000000000E+00,   0.0000000000000000E+00,   0.0000000000000000E+00,   0.0000000000000000E+00,   0.0000000000000000E+00,   0.0000000000000000E+00,   0.0000000000000000E+00,   0.0000000000000000E+00,   0.0000000000000000E+00,   0.0000000000000000E+00,   0.0000000000000000E+00,   0.0000000000000000E+00,   0.0000000000000000E+00,   0.0000000000000000E+00,   0.0000000000000000E+00,   0.0000000000000000E+00,   0.0000000000000000E+00,   0.6415377271886117E+03
T19_D02,   0.0000000000000000E+00,   0.0000000000000000E+00,   0.0000000000000000E+00,   0.0000000000000000E+00,   0.0000000000000000E+00,   0.0000000000000000E+00,   0.0000000000000000E+00,   0.0000000000000000E+00,   0.0000000000000000E+00,   0.0000000000000000E+00,   0.0000000000000000E+00,   0.0000000000000000E+00,   0.0000000000000000E+00,   0.0000000000000000E+00,   0.0000000000000000E+00,   0.0000000000000000E+00,   0.0000000000000000E+00,   0.0000000000000000E+00,   0.0000000000000000E+00,   0.0000000000000000E+00,   0.0000000000000000E+00,   0.0000000000000000E+00,   0.0000000000000000E+00,   0.0000000000000000E+00,   0.6415377271886117E+03
T20_D02,   0.0000000000000000E+00,   0.0000000000000000E+00,   0.0000000000000000E+00,   0.0000000000000000E+00,   0.0000000000000000E+00,   0.0000000000000000E+00,   0.0000000000000000E+00,   0.0000000000000000E+00,   0.0000000000000000E+00,   0.0000000000000000E+00,   0.0000000000000000E+00,   0.0000000000000000E+00,   0.0000000000000000E+00,   0.0000000000000000E+00,   0.0000000000000000E+00,   0.0000000000000000E+00,   0.0000000000000000E+00,   0.0000000000000000E+00,   0.0000000000000000E+00,   0.0000000000000000E+00,   0.0000000000000000E+00,   0.0000000000000000E+00,   0.0000000000000000E+00,   0.0000000000000000E+00,   0.6415377271886117E+03
T21_D02,   0.0000000000000000E+00,   0.0000000000000000E+00,   0.0000000000000000E+00,   0.0000000000000000E+00,   0.0000000000000000E+00,   0.0000000000000000E+00,   0.0000000000000000E+00,   0.0000000000000000E+00,   0.0000000000000000E+00,   0.0000000000000000E+00,   0.0000000000000000E+00,   0.0000000000000000E+00,   0.0000000000000000E+00,   0.0000000000000000E+00,   0.0000000000000000E+00,   0.0000000000000000E+00,   0.0000000000000000E+00,   0.0000000000000000E+00,   0.0000000000000000E+00,   0.0000000000000000E+00,   0.0000000000000000E+00,   0.0000000000000000E+00,   0.0000000000000000E+00,   0.0000000000000000E+00,   0.6415377271886117E+03
T22_D02,   0.0000000000000000E+00,   0.0000000000000000E+00,   0.0000000000000000E+00,   0.0000000000000000E+00,   0.0000000000000000E+00,   0.0000000000000000E+00,   0.0000000000000000E+00,   0.0000000000000000E+00,   0.0000000000000000E+00,   0.0000000000000000E+00,   0.0000000000000000E+00,   0.0000000000000000E+00,   0.0000000000000000E+00,   0.0000000000000000E+00,   0.0000000000000000E+00,   0.0000000000000000E+00,   0.0000000000000000E+00,   0.0000000000000000E+00,   0.0000000000000000E+00,   0.0000000000000000E+00,   0.0000000000000000E+00,   0.0000000000000000E+00,   0.0000000000000000E+00,   0.0000000000000000E+00,   0.6415377271886117E+03
T23_D02,   0.0000000000000000E+00,   0.0000000000000000E+00,   0.0000000000000000E+00,   0.0000000000000000E+00,   0.0000000000000000E+00,   0.0000000000000000E+00,   0.0000000000000000E+00,   0.0000000000000000E+00,   0.0000000000000000E+00,   0.0000000000000000E+00,   0.0000000000000000E+00,   0.0000000000000000E+00,   0.0000000000000000E+00,   0.0000000000000000E+00,   0.0000000000000000E+00,   0.0000000000000000E+00,   0.0000000000000000E+00,   0.0000000000000000E+00,   0.0000000000000000E+00,   0.0000000000000000E+00,   0.0000000000000000E+00,   0.0000000000000000E+00,   0.0000000000000000E+00,   0.0000000000000000E+00,   0.6415377271886117E+03
T24_D02,   0.0000000000000000E+00,   0.0000000000000000E+00,   0.0000000000000000E+00,   0.0000000000000000E+00,   0.0000000000000000E+00,   0.0000000000000000E+00,   0.0000000000000000E+00,   0.0000000000000000E+00,   0.0000000000000000E+00,   0.0000000000000000E+00,   0.0000000000000000E+00,   0.0000000000000000E+00,   0.0000000000000000E+00,   0.0000000000000000E+00,   0.0000000000000000E+00,   0.0000000000000000E+00,   0.0000000000000000E+00,   0.0000000000000000E+00,   0.0000000000000000E+00,   0.0000000000000000E+00,   0.0000000000000000E+00,   0.0000000000000000E+00,   0.0000000000000000E+00,   0.0000000000000000E+00,   0.6415377271886117E+03
T01_D03,   0.0000000000000000E+00,   0.0000000000000000E+00,   0.0000000000000000E+00,   0.0000000000000000E+00,   0.0000000000000000E+00,   0.0000000000000000E+00,   0.0000000000000000E+00,   0.0000000000000000E+00,   0.0000000000000000E+00,   0.0000000000000000E+00,   0.0000000000000000E+00,   0.0000000000000000E+00,   0.0000000000000000E+00,   0.0000000000000000E+00,   0.0000000000000000E+00,   0.0000000000000000E+00,   0.0000000000000000E+00,   0.0000000000000000E+00,   0.0000000000000000E+00,   0.0000000000000000E+00,   0.0000000000000000E+00,   0.0000000000000000E+00,   0.0000000000000000E+00,   0.0000000000000000E+00,   0.6415377271886117E+03
T02_D03,   0.0000000000000000E+00,   0.0000000000000000E+00,   0.0000000000000000E+00,   0.0000000000000000E+00,   0.0000000000000000E+00,   0.0000000000000000E+00,   0.0000000000000000E+00,   0.0000000000000000E+00,   0.0000000000000000E+00,   0.0000000000000000E+00,   0.0000000000000000E+00,   0.0000000000000000E+00,   0.0000000000000000E+00,   0.0000000000000000E+00,   0.0000000000000000E+00,   0.0000000000000000E+00,   0.0000000000000000E+00,   0.0000000000000000E+00,   0.0000000000000000E+00,   0.0000000000000000E+00,   0.0000000000000000E+00,   0.0000000000000000E+00,   0.0000000000000000E+00,   0.0000000000000000E+00,   0.6415377271886117E+03
T03_D03,   0.0000000000000000E+00,   0.0000000000000000E+00,   0.0000000000000000E+00,   0.0000000000000000E+00,   0.0000000000000000E+00,   0.0000000000000000E+00,   0.0000000000000000E+00,   0.0000000000000000E+00,   0.0000000000000000E+00,   0.0000000000000000E+00,   0.0000000000000000E+00,   0.0000000000000000E+00,   0.0000000000000000E+00,   0.0000000000000000E+00,   0.0000000000000000E+00,   0.0000000000000000E+00,   0.0000000000000000E+00,   0.0000000000000000E+00,   0.0000000000000000E+00,   0.0000000000000000E+00,   0.0000000000000000E+00,   0.0000000000000000E+00,   0.0000000000000000E+00,   0.0000000000000000E+00,   0.6415377271886117E+03
T04_D03,   0.0000000000000000E+00,   0.0000000000000000E+00,   0.0000000000000000E+00,   0.0000000000000000E+00,   0.0000000000000000E+00,   0.0000000000000000E+00,   0.0000000000000000E+00,   0.0000000000000000E+00,   0.0000000000000000E+00,   0.0000000000000000E+00,   0.0000000000000000E+00,   0.0000000000000000E+00,   0.0000000000000000E+00,   0.0000000000000000E+00,   0.0000000000000000E+00,   0.0000000000000000E+00,   0.0000000000000000E+00,   0.0000000000000000E+00,   0.0000000000000000E+00,   0.0000000000000000E+00,   0.0000000000000000E+00,   0.0000000000000000E+00,   0.0000000000000000E+00,   0.0000000000000000E+00,   0.6415377271886117E+03
T05_D03,   0.0000000000000000E+00,   0.0000000000000000E+00,   0.0000000000000000E+00,   0.0000000000000000E+00,   0.0000000000000000E+00,   0.0000000000000000E+00,   0.0000000000000000E+00,   0.0000000000000000E+00,   0.0000000000000000E+00,   0.0000000000000000E+00,   0.0000000000000000E+00,   0.0000000000000000E+00,   0.0000000000000000E+00,   0.0000000000000000E+00,   0.0000000000000000E+00,   0.0000000000000000E+00,   0.0000000000000000E+00,   0.0000000000000000E+00,   0.0000000000000000E+00,   0.0000000000000000E+00,   0.0000000000000000E+00,   0.0000000000000000E+00,   0.0000000000000000E+00,   0.0000000000000000E+00,   0.6415377271886117E+03
T06_D03,   0.0000000000000000E+00,   0.0000000000000000E+00,   0.0000000000000000E+00,   0.0000000000000000E+00,   0.0000000000000000E+00,   0.0000000000000000E+00,   0.0000000000000000E+00,   0.0000000000000000E+00,   0.0000000000000000E+00,   0.0000000000000000E+00,   0.0000000000000000E+00,   0.0000000000000000E+00,   0.0000000000000000E+00,   0.0000000000000000E+00,   0.0000000000000000E+00,   0.0000000000000000E+00,   0.0000000000000000E+00,   0.0000000000000000E+00,   0.0000000000000000E+00,   0.0000000000000000E+00,   0.0000000000000000E+00,   0.0000000000000000E+00,   0.0000000000000000E+00,   0.0000000000000000E+00,   0.6415377271886117E+03
T07_D03,   0.0000000000000000E+00,   0.0000000000000000E+00,   0.0000000000000000E+00,   0.0000000000000000E+00,   0.0000000000000000E+00,   0.0000000000000000E+00,   0.0000000000000000E+00,   0.0000000000000000E+00,   0.0000000000000000E+00,   0.0000000000000000E+00,   0.0000000000000000E+00,   0.0000000000000000E+00,   0.0000000000000000E+00,   0.0000000000000000E+00,   0.0000000000000000E+00,   0.0000000000000000E+00,   0.0000000000000000E+00,   0.0000000000000000E+00,   0.0000000000000000E+00,   0.0000000000000000E+00,   0.0000000000000000E+00,   0.0000000000000000E+00,   0.0000000000000000E+00,   0.0000000000000000E+00,   0.6415377271886117E+03
T08_D03,   0.0000000000000000E+00,   0.0000000000000000E+00,   0.0000000000000000E+00,   0.0000000000000000E+00,   0.0000000000000000E+00,   0.0000000000000000E+00,   0.0000000000000000E+00,   0.0000000000000000E+00,   0.0000000000000000E+00,   0.0000000000000000E+00,   0.0000000000000000E+00,   0.0000000000000000E+00,   0.0000000000000000E+00,   0.0000000000000000E+00,   0.0000000000000000E+00,   0.0000000000000000E+00,   0.0000000000000000E+00,   0.0000000000000000E+00,   0.0000000000000000E+00,   0.0000000000000000E+00,   0.0000000000000000E+00,   0.0000000000000000E+00,   0.0000000000000000E+00,   0.0000000000000000E+00,   0.6415377271886117E+03
T09_D03,   0.0000000000000000E+00,   0.0000000000000000E+00,   0.0000000000000000E+00,   0.0000000000000000E+00,   0.0000000000000000E+00,   0.0000000000000000E+00,   0.0000000000000000E+00,   0.0000000000000000E+00,   0.0000000000000000E+00,   0.0000000000000000E+00,   0.0000000000000000E+00,   0.0000000000000000E+00,   0.0000000000000000E+00,   0.0000000000000000E+00,   0.0000000000000000E+00,   0.0000000000000000E+00,   0.0000000000000000E+00,   0.0000000000000000E+00,   0.0000000000000000E+00,   0.0000000000000000E+00,   0.0000000000000000E+00,   0.0000000000000000E+00,   0.0000000000000000E+00,   0.0000000000000000E+00,   0.6415377271886117E+03
T10_D03,   0.0000000000000000E+00,   0.0000000000000000E+00,   0.0000000000000000E+00,   0.0000000000000000E+00,   0.0000000000000000E+00,   0.0000000000000000E+00,   0.0000000000000000E+00,   0.0000000000000000E+00,   0.0000000000000000E+00,   0.0000000000000000E+00,   0.0000000000000000E+00,   0.0000000000000000E+00,   0.0000000000000000E+00,   0.0000000000000000E+00,   0.0000000000000000E+00,   0.0000000000000000E+00,   0.0000000000000000E+00,   0.0000000000000000E+00,   0.0000000000000000E+00,   0.0000000000000000E+00,   0.0000000000000000E+00,   0.0000000000000000E+00,   0.0000000000000000E+00,   0.0000000000000000E+00,   0.6415377271886117E+03
T11_D03,   0.0000000000000000E+00,   0.0000000000000000E+00,   0.0000000000000000E+00,   0.0000000000000000E+00,   0.0000000000000000E+00,   0.0000000000000000E+00,   0.0000000000000000E+00,   0.0000000000000000E+00,   0.0000000000000000E+00,   0.0000000000000000E+00,   0.0000000000000000E+00,   0.0000000000000000E+00,   0.0000000000000000E+00,   0.0000000000000000E+00,   0.0000000000000000E+00,   0.0000000000000000E+00,   0.0000000000000000E+00,   0.0000000000000000E+00,   0.0000000000000000E+00,   0.0000000000000000E+00,   0.0000000000000000E+00,   0.0000000000000000E+00,   0.0000000000000000E+00,   0.0000000000000000E+00,   0.6415377271886117E+03
T12_D03,   0.0000000000000000E+00,   0.0000000000000000E+00,   0.0000000000000000E+00,   0.0000000000000000E+00,   0.0000000000000000E+00,   0.0000000000000000E+00,   0.0000000000000000E+00,   0.0000000000000000E+00,   0.0000000000000000E+00,   0.0000000000000000E+00,   0.0000000000000000E+00,   0.0000000000000000E+00,   0.0000000000000000E+00,   0.0000000000000000E+00,   0.0000000000000000E+00,   0.0000000000000000E+00,   0.0000000000000000E+00,   0.0000000000000000E+00,   0.0000000000000000E+00,   0.0000000000000000E+00,   0.0000000000000000E+00,   0.0000000000000000E+00,   0.0000000000000000E+00,   0.0000000000000000E+00,   0.6415377271886117E+03
T13_D03,   0.0000000000000000E+00,   0.0000000000000000E+00,   0.0000000000000000E+00,   0.0000000000000000E+00,   0.0000000000000000E+00,   0.0000000000000000E+00,   0.0000000000000000E+00,   0.0000000000000000E+00,   0.0000000000000000E+00,   0.0000000000000000E+00,   0.0000000000000000E+00,   0.0000000000000000E+00,   0.0000000000000000E+00,   0.0000000000000000E+00,   0.0000000000000000E+00,   0.0000000000000000E+00,   0.0000000000000000E+00,   0.0000000000000000E+00,   0.0000000000000000E+00,   0.0000000000000000E+00,   0.0000000000000000E+00,   0.0000000000000000E+00,   0.0000000000000000E+00,   0.0000000000000000E+00,   0.6415377271886117E+03
T14_D03,   0.0000000000000000E+00,   0.0000000000000000E+00,   0.0000000000000000E+00,   0.0000000000000000E+00,   0.0000000000000000E+00,   0.0000000000000000E+00,   0.0000000000000000E+00,   0.0000000000000000E+00,   0.0000000000000000E+00,   0.0000000000000000E+00,   0.0000000000000000E+00,   0.0000000000000000E+00,   0.0000000000000000E+00,   0.0000000000000000E+00,   0.0000000000000000E+00,   0.0000000000000000E+00,   0.0000000000000000E+00,   0.0000000000000000E+00,   0.0000000000000000E+00,   0.0000000000000000E+00,   0.0000000000000000E+00,   0.0000000000000000E+00,   0.0000000000000000E+00,   0.0000000000000000E+00,   0.6415377271886117E+03
T15_D03,   0.0000000000000000E+00,   0.0000000000000000E+00,   0.0000000000000000E+00,   0.0000000000000000E+00,   0.0000000000000000E+00,   0.0000000000000000E+00,   0.0000000000000000E+00,   0.0000000000000000E+00,   0.0000000000000000E+00,   0.0000000000000000E+00,   0.0000000000000000E+00,   0.0000000000000000E+00,   0.0000000000000000E+00,   0.0000000000000000E+00,   0.0000000000000000E+00,   0.0000000000000000E+00,   0.0000000000000000E+00,   0.0000000000000000E+00,   0.0000000000000000E+00,   0.0000000000000000E+00,   0.0000000000000000E+00,   0.0000000000000000E+00,   0.0000000000000000E+00,   0.0000000000000000E+00,   0.6415377271886117E+03
T16_D03,   0.0000000000000000E+00,   0.0000000000000000E+00,   0.0000000000000000E+00,   0.0000000000000000E+00,   0.0000000000000000E+00,   0.0000000000000000E+00,   0.0000000000000000E+00,   0.0000000000000000E+00,   0.0000000000000000E+00,   0.0000000000000000E+00,   0.0000000000000000E+00,   0.0000000000000000E+00,   0.0000000000000000E+00,   0.0000000000000000E+00,   0.0000000000000000E+00,   0.0000000000000000E+00,   0.0000000000000000E+00,   0.0000000000000000E+00,   0.0000000000000000E+00,   0.0000000000000000E+00,   0.0000000000000000E+00,   0.0000000000000000E+00,   0.0000000000000000E+00,   0.0000000000000000E+00,   0.6415377271886117E+03
T17_D03,   0.0000000000000000E+00,   0.0000000000000000E+00,   0.0000000000000000E+00,   0.0000000000000000E+00,   0.0000000000000000E+00,   0.0000000000000000E+00,   0.0000000000000000E+00,   0.0000000000000000E+00,   0.0000000000000000E+00,   0.0000000000000000E+00,   0.0000000000000000E+00,   0.0000000000000000E+00,   0.0000000000000000E+00,   0.0000000000000000E+00,   0.0000000000000000E+00,   0.0000000000000000E+00,   0.0000000000000000E+00,   0.0000000000000000E+00,   0.0000000000000000E+00,   0.0000000000000000E+00,   0.0000000000000000E+00,   0.0000000000000000E+00,   0.0000000000000000E+00,   0.0000000000000000E+00,   0.6415377271886117E+03
T18_D03,   0.0000000000000000E+00,   0.0000000000000000E+00,   0.0000000000000000E+00,   0.0000000000000000E+00,   0.0000000000000000E+00,   0.0000000000000000E+00,   0.0000000000000000E+00,   0.0000000000000000E+00,   0.0000000000000000E+00,   0.0000000000000000E+00,   0.0000000000000000E+00,   0.0000000000000000E+00,   0.0000000000000000E+00,   0.0000000000000000E+00,   0.0000000000000000E+00,   0.0000000000000000E+00,   0.0000000000000000E+00,   0.0000000000000000E+00,   0.0000000000000000E+00,   0.0000000000000000E+00,   0.0000000000000000E+00,   0.0000000000000000E+00,   0.0000000000000000E+00,   0.0000000000000000E+00,   0.6415377271886117E+03
T19_D03,   0.0000000000000000E+00,   0.0000000000000000E+00,   0.0000000000000000E+00,   0.0000000000000000E+00,   0.0000000000000000E+00,   0.0000000000000000E+00,   0.0000000000000000E+00,   0.0000000000000000E+00,   0.0000000000000000E+00,   0.0000000000000000E+00,   0.0000000000000000E+00,   0.0000000000000000E+00,   0.0000000000000000E+00,   0.0000000000000000E+00,   0.0000000000000000E+00,   0.0000000000000000E+00,   0.0000000000000000E+00,   0.0000000000000000E+00,   0.0000000000000000E+00,   0.0000000000000000E+00,   0.0000000000000000E+00,   0.0000000000000000E+00,   0.0000000000000000E+00,   0.0000000000000000E+00,   0.6415377271886117E+03
T20_D03,   0.0000000000000000E+00,   0.0000000000000000E+00,   0.0000000000000000E+00,   0.0000000000000000E+00,   0.0000000000000000E+00,   0.0000000000000000E+00,   0.0000000000000000E+00,   0.0000000000000000E+00,   0.0000000000000000E+00,   0.0000000000000000E+00,   0.0000000000000000E+00,   0.0000000000000000E+00,   0.0000000000000000E+00,   0.0000000000000000E+00,   0.0000000000000000E+00,   0.0000000000000000E+00,   0.0000000000000000E+00,   0.0000000000000000E+00,   0.0000000000000000E+00,   0.0000000000000000E+00,   0.0000000000000000E+00,   0.0000000000000000E+00,   0.0000000000000000E+00,   0.0000000000000000E+00,   0.6415377271886117E+03
T21_D03,   0.0000000000000000E+00,   0.0000000000000000E+00,   0.0000000000000000E+00,   0.0000000000000000E+00,   0.0000000000000000E+00,   0.0000000000000000E+00,   0.0000000000000000E+00,   0.0000000000000000E+00,   0.0000000000000000E+00,   0.0000000000000000E+00,   0.0000000000000000E+00,   0.0000000000000000E+00,   0.0000000000000000E+00,   0.0000000000000000E+00,   0.0000000000000000E+00,   0.0000000000000000E+00,   0.0000000000000000E+00,   0.0000000000000000E+00,   0.0000000000000000E+00,   0.0000000000000000E+00,   0.0000000000000000E+00,   0.0000000000000000E+00,   0.0000000000000000E+00,   0.0000000000000000E+00,   0.6415377271886117E+03
T22_D03,   0.0000000000000000E+00,   0.0000000000000000E+00,   0.0000000000000000E+00,   0.0000000000000000E+00,   0.0000000000000000E+00,   0.0000000000000000E+00,   0.0000000000000000E+00,   0.0000000000000000E+00,   0.0000000000000000E+00,   0.0000000000000000E+00,   0.0000000000000000E+00,   0.0000000000000000E+00,   0.0000000000000000E+00,   0.0000000000000000E+00,   0.0000000000000000E+00,   0.0000000000000000E+00,   0.0000000000000000E+00,   0.0000000000000000E+00,   0.0000000000000000E+00,   0.0000000000000000E+00,   0.0000000000000000E+00,   0.0000000000000000E+00,   0.0000000000000000E+00,   0.0000000000000000E+00,   0.6415377271886117E+03
T23_D03,   0.0000000000000000E+00,   0.0000000000000000E+00,   0.0000000000000000E+00,   0.0000000000000000E+00,   0.0000000000000000E+00,   0.0000000000000000E+00,   0.0000000000000000E+00,   0.0000000000000000E+00,   0.0000000000000000E+00,   0.0000000000000000E+00,   0.0000000000000000E+00,   0.0000000000000000E+00,   0.0000000000000000E+00,   0.0000000000000000E+00,   0.0000000000000000E+00,   0.0000000000000000E+00,   0.0000000000000000E+00,   0.0000000000000000E+00,   0.0000000000000000E+00,   0.0000000000000000E+00,   0.0000000000000000E+00,   0.0000000000000000E+00,   0.0000000000000000E+00,   0.0000000000000000E+00,   0.6415377271886117E+03
T24_D03,   0.0000000000000000E+00,   0.0000000000000000E+00,   0.0000000000000000E+00,   0.0000000000000000E+00,   0.0000000000000000E+00,   0.0000000000000000E+00,   0.0000000000000000E+00,   0.0000000000000000E+00,   0.0000000000000000E+00,   0.0000000000000000E+00,   0.0000000000000000E+00,   0.0000000000000000E+00,   0.0000000000000000E+00,   0.0000000000000000E+00,   0.0000000000000000E+00,   0.0000000000000000E+00,   0.0000000000000000E+00,   0.0000000000000000E+00,   0.0000000000000000E+00,   0.0000000000000000E+00,   0.0000000000000000E+00,   0.0000000000000000E+00,   0.0000000000000000E+00,   0.0000000000000000E+00,   0.6415377271886117E+03
